1 0.03454948346573887 0.3974378547978634 0.01095010951373144 0.01745304811384017
11 0.26582334819541165 0.24908694583022206 0.17520175221970313 0.032221011902474145
11 0.21088400563513837 0.2866781263831086 0.06607824706562081 0.03222101190247418
11 0.32982485035325587 0.28701376192375827 0.16802754253829255 0.03154974082117255
11 0.2176806253333165 0.3235980358546935 0.07891630649551284 0.033563554065077245
11 0.38400901294706485 0.2487513102895713 0.058904037384210566 0.031549740821172595
11 0.29565295687074894 0.36062982213269784 0.23637132950330636 0.033787307677916406
1 0.03454948346573887 0.5081975832126183 0.010194929547267204 0.01745304811384017
1 0.03473827845735493 0.5464600348468064 0.009062159597570849 0.01745304811384017
1 0.03436068847412281 0.5827086732370897 0.009817339564035086 0.017453048113840026
1 0.19011655655737184 0.7303883111234296 0.009439749580802967 0.017453048113840026
11 0.2854580273234815 0.6934684016518442 0.21522629044230757 0.033563554065077376
11 0.28564682231509625 0.7679794916763136 0.21560388042553946 0.032221011902473
11 0.2854580273234815 0.8048994011479006 0.2159814704087718 0.0335635540650774
11 0.2858356173067136 0.8418193106194852 0.2159814704087718 0.0335635540650774
9 0.024732143901703783 0.14163819815462592 0.02076744907776654 0.036248638390283416
9 0.2084296707441296 0.14163819815462592 0.06494547711592447 0.03490609622768032
9 0.2882899521977227 0.14096692707332437 0.07665076659612005 0.03490609622768032
9 0.3632415638692983 0.14029565599202282 0.05739367745128199 0.03490609622768032
9 0.43819317554087384 0.14029565599202282 0.07363004673026324 0.03490609622768032
9 0.52749320657527 0.1413025626139751 0.08533533621045883 0.034234825146378774
9 0.6005568683306844 0.14096692707332434 0.04115730817230102 0.03356355406507718
9 0.8791712053657218 0.14096692707332437 0.01963467912807019 0.036248638390283416
9 0.9093784040242915 0.1406312915326736 0.01963467912807019 0.034234825146378774
9 0.939585602682861 0.1413025626139751 0.019634679128070046 0.032892282983775674
9 0.87973759034057 0.019802496898395566 0.019257089144838205 0.03557736730898186
9 0.9025817843261131 0.01913122581709402 0.01963467912807019 0.03557736730898186
2 0.9830084507545546 0.01879559027644325 0.0203898590945343 0.03624863839028341
3 0.9361872928337713 0.018459954735792473 0.019634679128070043 0.036919909471584945
4 0.9592202818109299 0.019131225817094012 0.019634679128070175 0.035577367308981846
9 0.06475668212430838 0.01913122581709402 0.06909896693147775 0.024837030008157148
9 0.11629771483549259 0.01913122581709402 0.03322791852442645 0.026179572170760234
9 0.15330153319224024 0.018459954735792473 0.038514178289676126 0.026179572170760234
9 0.1976683562220142 0.019802496898395555 0.04870910783694329 0.02617957217076022
9 0.2422239742434037 0.019578738164164347 0.036626228373515486 0.027074596864900928
5 0.6728182795293689 0.605822150874644 0.04417802803815789 0.01543923486993549
6 0.10598958333333332 0.14027777777777778 0.12031249999999999 0.032407407407407406
7 0.08125 0.24675925925925923 0.10416666666666669 0.02685185185185187
7 0.06953124999999998 0.2875 0.08177083333333329 0.021296296296296334
7 0.0484375 0.324537037037037 0.040624999999999994 0.0212962962962963
7 0.04557291666666666 0.36157407407407405 0.03177083333333333 0.017592592592592524
7 0.15937500000000002 0.39907407407407414 0.22500000000000003 0.020370370370370382
7 0.078125 0.5074074074074073 0.06041666666666668 0.020370370370370452
7 0.07864583333333333 0.5458333333333333 0.06145833333333334 0.0194444444444445
7 0.125 0.5819444444444444 0.15520833333333336 0.02129629629629619
7 0.07734375 0.6944444444444443 0.09635416666666669 0.022222222222222143
7 0.06822916666666666 0.7310185185185185 0.078125 0.02129629629629619
7 0.07812500000000001 0.7680555555555554 0.10000000000000002 0.019444444444444712
7 0.071875 0.8060185185185185 0.08541666666666665 0.01944444444444457
7 0.06614583333333333 0.8425925925925923 0.07395833333333333 0.016666666666666715
9 0.8309895833333333 0.018055555555555554 0.0640625 0.03611111111111111
9 0.7828125 0.018518518518518517 0.02083333333333343 0.03333333333333333
