9 0.016133390192645078 0.07109370997420904 0.021282344509446702 0.03844552556545208
9 0.17901197841413632 0.07139883319298247 0.02025255364608636 0.03539429337771781
9 0.20510001361926455 0.07139883319298247 0.01819297191936574 0.03661478625281152
9 0.225695830886471 0.07139883319298247 0.01819297191936567 0.03661478625281152
9 0.24577675272199734 0.0717039564117559 0.017849708298245587 0.03600453981526467
9 0.29228897338377197 0.0717039564117559 0.02162560813056686 0.03966601844054582
9 0.4266766810522942 0.07200907963052931 0.019222762782726097 0.03783527912790522
9 0.44778739375118093 0.07231420284930276 0.019566026403846165 0.0384455255654521
9 0.4735321653351884 0.07200907963052933 0.017506444677125546 0.029291829002249185
9 0.4937847189812754 0.07139883319298247 0.01613339019264508 0.028071336127155497
6 0.0892485414912281 0.06804247778647475 0.11396352221187588 0.02868158256470237
9 0.22174829924358982 0.15835895054340984 0.019222762782726013 0.0372250326903584
9 0.2505824434176789 0.15866407376218328 0.01922276278272605 0.03661478625281154
9 0.27358110603272606 0.15866407376218328 0.019909290024966247 0.03661478625281154
9 0.295549977784413 0.15774870410586297 0.018536235540485783 0.03600453981526467
9 0.19960779568134285 0.1580538273246364 0.01887949916160597 0.0353942933777178
9 0.3485842072474697 0.1580538273246364 0.08409958717442649 0.03539429337771779
9 0.4616895704065451 0.1596811496061577 0.09680034115587065 0.033766966440385564
9 0.5825183650408232 0.16029139604370468 0.10572519530499341 0.033766966440385605
9 0.1783254511718961 0.16018968985605042 0.0188794991616059 0.03356355406507726
9 0.01973765821440621 0.11289559094616887 0.02299866261504724 0.02807133612715548
6 0.26894704714760465 0.3167179010868197 0.10744151341059378 0.026850843252061763
9 0.015364583333333333 0.4421296296296297 0.018229166666666664 0.027777777777777714
9 0.05208333333333334 0.4430555555555555 0.01666666666666667 0.024074074074074046
9 0.07630208333333334 0.4425925925925926 0.015104166666666688 0.026851851851851904
9 0.09765625 0.4430555555555556 0.021354166666666678 0.02592592592592588
9 0.12369791666666669 0.4425925925925926 0.01614583333333334 0.02499999999999986
9 0.14244791666666667 0.4430555555555555 0.015104166666666691 0.024074074074074046
9 0.15989583333333335 0.4430555555555556 0.015625 0.027777777777777787
9 0.19895833333333335 0.4430555555555555 0.020833333333333322 0.024074074074074046
9 0.228125 0.44351851851851853 0.020833333333333322 0.026851851851851762
9 0.2778645833333333 0.4435185185185185 0.01614583333333332 0.02500000000000007
9 0.2994791666666667 0.4425925925925926 0.020833333333333356 0.026851851851851904
9 0.32239583333333327 0.44182098529956965 0.01979166666666664 0.023456785413953733
9 0.3458333333333334 0.4430555555555556 0.020833333333333287 0.02592592592592588
9 0.3721354166666667 0.4435185185185185 0.016145833333333356 0.025
9 0.396875 0.4430555555555556 0.016666666666666715 0.02592592592592588
9 0.41510416666666666 0.4430555555555556 0.014583333333333287 0.02592592592592588
9 0.43333333333333335 0.4435185185185185 0.015625 0.025
9 0.48671875 0.4430555555555556 0.07656249999999992 0.02592592592592588
9 0.5348958333333332 0.4430555555555556 0.016666666666666715 0.02592592592592588
9 0.5533854166666666 0.44351851851851853 0.016145833333333286 0.026851851851851762
2 0.9914062500000003 0.020370370370370372 0.011979166666666572 0.027777777777777776
3 0.9763020833333335 0.02083333333333334 0.0140625 0.026851851851851863
4 0.9614583333333343 0.020833333333333336 0.012499999999999819 0.025000000000000005
9 0.014583333333333332 0.6625 0.019791666666666666 0.030555555555555572
12 0.07135416666666666 0.6958333333333335 0.08020833333333333 0.028703703703703697
12 0.15598958333333332 0.6967592592592592 0.08697916666666665 0.026851851851851904
12 0.22968749999999996 0.6972222222222223 0.057291666666666644 0.02592592592592581
12 0.3044270833333334 0.6969135778921633 0.09010416666666624 0.025308637265805754
12 0.3716145833333333 0.6967592592592592 0.044270833333333356 0.026851851851851904
12 0.4359375 0.6972222222222223 0.08125 0.025925925925925953
12 0.49869791666666674 0.6962962962962963 0.041145833333333354 0.02407407407407419
12 0.5638020833333333 0.6967592592592592 0.0859375 0.02499999999999986
9 0.4278645833333334 0.6629629629629631 0.018229166666666713 0.029629629629629763
9 0.4481770833333333 0.6629629629629631 0.02031250000000007 0.029629629629629763
6 0.259375 0.662037037037037 0.27708333333333335 0.027777777777777714
7 0.05807291666666666 0.7564814814814815 0.05364583333333332 0.027777777777777856
7 0.05807291666666666 0.7893518518518519 0.05364583333333332 0.026851851851851762
7 0.06328125 0.8217592592592592 0.0640625 0.02499999999999986
7 0.06276041666666667 0.852314814814815 0.06510416666666666 0.02499999999999986
11 0.21822916666666664 0.7574074074074073 0.12812500000000004 0.027777777777777714
9 0.28932291666666665 0.7574074074074073 0.013020833333333356 0.027777777777777714
11 0.19114583333333335 0.7888888888888889 0.07291666666666669 0.027777777777777856
11 0.1875 0.8203703703703704 0.06562500000000003 0.02962962962962962
7 0.2614583333333334 0.8222222222222224 0.07708333333333338 0.029629629629629624
7 0.32005208333333335 0.7564814814814815 0.04635416666666672 0.025925925925925953
7 0.32760416666666664 0.7888888888888889 0.060416666666666716 0.025925925925925953
1 0.42369791666666673 0.8199074074074073 0.008854166666666642 0.01574074074074048
7 0.46015625 0.8194444444444443 0.05989583333333329 0.022222222222222143
11 0.5567708333333333 0.7569444444444444 0.27604166666666674 0.026851851851851904
11 0.42838541666666663 0.7888888888888889 0.018229166666666713 0.027777777777777856
11 0.27630208333333334 0.8518518518518519 0.24322916666666664 0.027777777777777714
7 0.03828125 0.6620370370370371 0.02447916666666666 0.02962962962962962
