2 0.6752604166666667 0.30324074074074076 0.0203125 0.0370370370370371
11 0.5786458333333334 0.42824074074074076 0.13958333333333342 0.03148148148148145
11 0.5789062500000002 0.46450617048475484 0.14010416666666672 0.03179011874728717
11 0.5786458333333334 0.5763888888888888 0.14166666666666658 0.031481481481481596
1 0.3721354166666668 0.6134259259259259 0.009895833333333286 0.016666666666666642
9 0.5781250000000001 0.650462962962963 0.14166666666666672 0.033333333333333284
9 0.5783854166666668 0.725 0.1421875 0.03611111111111114
8 0.40104166666666674 0.8504629629629631 0.11666666666666657 0.05185185185185176
9 0.48697916666666674 0.85 0.04687499999999993 0.03055555555555543
9 0.5398437500000001 0.8504629629629629 0.04427083333333329 0.02962962962962962
9 0.6020833333333333 0.85 0.06770833333333343 0.032407407407407475
9 0.6513020833333334 0.8490740740740741 0.01822916666666657 0.030555555555555714
9 0.5184895833333334 0.21296296296296297 0.01927083333333336 0.034259259259259274
9 0.06458333333333334 0.019907407407407405 0.06875 0.024999999999999994
9 0.11640625 0.018518518518518517 0.03385416666666666 0.025925925925925925
9 0.15364583333333334 0.018518518518518517 0.038541666666666675 0.027777777777777776
9 0.1981770833333333 0.018518518518518517 0.0484375 0.025925925925925925
9 0.2421875 0.018518518518518517 0.0375 0.027777777777777776
9 0.02421875 0.14074074074074072 0.020312499999999997 0.035185185185185174
9 0.2080729166666667 0.14027777777777778 0.06510416666666664 0.03425925925925925
9 0.2880208333333333 0.14027777777777778 0.07395833333333325 0.03425925925925925
9 0.36666666666666664 0.14074074074074072 0.06041666666666672 0.03333333333333333
9 0.44270833333333337 0.14074074074074072 0.07395833333333329 0.035185185185185174
9 0.5317708333333333 0.1412037037037037 0.08541666666666664 0.032407407407407406
9 0.6049479166666667 0.14166666666666664 0.041145833333333284 0.035185185185185174
9 0.8791666666666669 0.018981481481481478 0.01875000000000014 0.03611111111111111
9 0.9026041666666669 0.019907407407407405 0.020833333333333145 0.03425925925925925
9 0.8789062500000003 0.1416666666666667 0.02031249999999986 0.03518518518518521
9 0.9096354166666668 0.14212962962962963 0.02031249999999986 0.034259259259259274
9 0.9401041666666673 0.14027777777777772 0.02083333333333328 0.03425925925925926
2 0.9838541666666668 0.019444444444444445 0.019791666666666714 0.037037037037037035
3 0.9361979166666669 0.01944444444444444 0.019270833333333143 0.03518518518518518
4 0.9591145833333337 0.018518518518518517 0.021354166666666716 0.03518518518518518
6 0.10598958333333332 0.13935185185185184 0.12135416666666664 0.032407407407407406
9 0.7833333333333333 0.018518518518518517 0.019791666666666857 0.03518518518518518
9 0.8302083333333331 0.018518518518518517 0.06354166666666672 0.03518518518518518
7 0.40520833333333345 0.4291666666666667 0.07708333333333335 0.02129629629629626
7 0.4067708333333334 0.4657407407407408 0.07916666666666665 0.024074074074074046
7 0.3830729166666667 0.5759259259259261 0.034895833333333355 0.022222222222222286
7 0.44036458333333345 0.6134259259259259 0.11302083333333336 0.02500000000000007
6 0.43645833333333345 0.7245370370370372 0.14166666666666664 0.03425925925925938
