9 0.015103599329284751 0.634527485550731 0.019634679128070178 0.03020719865856961
7 0.037192613348363705 0.6348631210913818 0.02227780901069501 0.021480674601649385
7 0.051352237719568164 0.7291767080142487 0.0400245382226046 0.027522114333363278
7 0.06872137694824562 0.7617333554573736 0.07400763671349528 0.024165758926855574
7 0.0687213769482456 0.7939543673598477 0.07400763671349524 0.02282321676425246
1 0.037570203331595824 0.8231546593964648 0.008684569614338736 0.015439234869935632
7 0.058148857417746294 0.8234902949371158 0.029452018692105276 0.01745304811384017
11 0.23523855955360992 0.728841072473598 0.12082879463427798 0.028193385414664894
11 0.23486096957037791 0.7607264488354215 0.12007361466781383 0.02752211433336342
11 0.23504976456199397 0.7922761896565941 0.1196960246845817 0.027522114333363278
11 0.6681454753292343 0.7288410724735981 0.03964694823937251 0.02685084325206162
11 0.6955207491135629 0.7285054369329472 0.012082879463427787 0.027522114333363278
7 0.5729927995547398 0.7301836146362004 0.06607824706562007 0.02550830108945871
11 0.4585830346354083 0.8234902949371157 0.02605370884301621 0.028193385414664932
11 0.45839423964379217 0.855040035758288 0.026431298826248333 0.028193385414665043
11 0.4515976199456141 0.728841072473598 0.012082879463427858 0.026850843252061763
11 0.49577564798377194 0.7285054369329472 0.07325245674703104 0.027522114333363278
11 0.4821824085874157 0.7919405541159432 0.07325245674703097 0.026850843252061905
11 0.4819936135957996 0.7610620843760719 0.0736300467302631 0.02819338541466479
7 0.3658846937519224 0.7301836146362011 0.05739367745128203 0.024165758926855577
7 0.36569589876030695 0.7617333554573732 0.05701608746804985 0.025508301089458583
7 0.36569589876030706 0.7932830962785463 0.05777126743451419 0.024165758926855574
7 0.36739505368485154 0.8241615660184174 0.06116957728360326 0.025508301089458597
7 0.3685278236345475 0.8563825779208915 0.06192475725006745 0.025508301089458695
1 0.037758998323211876 0.8543687646769869 0.009062159597570854 0.016110505951237288
7 0.06437909214107625 0.855375671298939 0.03587104840705127 0.018124319195141823
12 0.07136450683087046 0.6684266751564588 0.07929389647874496 0.025508301089458597
12 0.15565446295197666 0.6679804262056424 0.08937503892518134 0.029269018595381054
12 0.2294476694329652 0.6682417567288155 0.057035386682517064 0.024565069178266157
12 0.30324087591395377 0.6685030872519886 0.08878704524804203 0.025087730224612272
12 0.3715951408814028 0.6687644177751596 0.04556950997830065 0.025610391270958318
12 0.4355394532703077 0.6682417567288154 0.08114312744523047 0.02561039127095853
12 0.4977197846277938 0.6682417567288145 0.0414535542383237 0.025610391270958453
12 0.562987082790262 0.6685030872519886 0.08790505473233289 0.025087730224612272
9 0.42804253388678093 0.6347914497626647 0.01969778818416865 0.02979167964172707
9 0.44847531416737346 0.6340074581931465 0.019991785022737928 0.030314340688073288
6 0.2587003548706486 0.6345301192394884 0.27665102509406336 0.027178374409996417
2 0.9913270932621944 0.020383780807497504 0.013229857735635307 0.02926901859538103
3 0.9608984204702332 0.021951763946535773 0.014699841928483863 0.027178374409996667
4 0.9766272513337106 0.021690433423362725 0.013817851412774758 0.02665571336365058
9 0.016022827702047316 0.07186589387258735 0.018521800829889558 0.03501829010518802
6 0.08908104208661168 0.06820726654816472 0.11465876704217344 0.02979167964172711
9 0.15817029915048544 0.07003658021037602 0.019403791345598567 0.03449562905884191
9 0.17919107310821722 0.06977524968720297 0.019697788184168275 0.035018290105188
9 0.20491579648306385 0.07108190230306821 0.01881579766845924 0.0355409511515341
9 0.2254955751829411 0.07108190230306821 0.017639810314180552 0.03449562905884193
9 0.24548736020567904 0.0716045633494143 0.01822780399131993 0.03345030696614975
9 0.2920858591189726 0.07082057177989518 0.01969778818416824 0.03501829010518802
9 0.4264424143453144 0.07082057177989516 0.019109794507028825 0.031882323827111474
9 0.44716919146447653 0.07055924125672211 0.01822780399131986 0.03240498487345756
9 0.4736289069357473 0.0710819023030682 0.01822780399131993 0.032404984873457554
9 0.4942086856356246 0.07108190230306821 0.017051816637041136 0.03345030696614974
9 0.019991785022737935 0.11263345548758236 0.02351974708557404 0.026655713363650583
9 0.17625110472252048 0.15993428018190348 0.015581832444192756 0.032404984873457575
9 0.22182061470082018 0.15915028861238434 0.01852180082988955 0.03397296801249585
9 0.24930931910708487 0.1588889580892113 0.019403791345598585 0.032404984873457554
9 0.2738580551276527 0.1588889580892113 0.01910979450702893 0.032404984873457554
9 0.29767179905179647 0.15810496651969216 0.01616982612133217 0.031882323827111494
9 0.19991785022737937 0.15993428018190348 0.017639810314180552 0.032404984873457575
9 0.3485332521243503 0.1588889580892113 0.08378909899235751 0.03345030696614977
9 0.4626040254893834 0.15819207536488666 0.09496097885800542 0.02264864268327229
9 0.583583724560806 0.1588889580892113 0.10525086820794378 0.02299708603922795
6 0.26915410571053794 0.28850889758304155 0.1067208524007922 0.02717837440999663
9 0.014846840347768614 0.41368621818293005 0.01969778818416826 0.0297916796417271
9 0.05189044200754773 0.41447020975244925 0.016169826121332154 0.02299708603922795
9 0.07614518118954595 0.4139475487061031 0.015875829282762474 0.02404240813192011
9 0.09687195830870808 0.41447020975244925 0.020873775538446965 0.024042408131920184
9 0.12333167377997886 0.41447020975244925 0.014993838767053447 0.025087730224612272
9 0.14185347460986844 0.4142088792292762 0.016169826121332137 0.024565069178266227
9 0.1596402833433338 0.41368621818293005 0.015875829282762464 0.024565069178266227
9 0.19903585971167032 0.41447020975244925 0.02057977869987731 0.025087730224612272
9 0.22799454831078336 0.41447020975244925 0.020873775538446927 0.025087730224612272
9 0.27841500612548276 0.4139475487061031 0.016463822959901862 0.02404240813192011
9 0.29899478482536 0.4142088792292762 0.021755766054155964 0.024565069178266157
9 0.3220735366530796 0.4142088792292762 0.021461769215586343 0.025610391270958318
9 0.3461812774157929 0.41447020975244925 0.021461769215586343 0.026133052317304502
9 0.37234699604849403 0.4144702097524492 0.015581832444192827 0.025087730224612272
9 0.39689573206906187 0.4144702097524492 0.01587582928276241 0.025087730224612272
9 0.41468254080252737 0.4144702097524492 0.016169826121332137 0.025087730224612272
9 0.43261634795527754 0.4142088792292762 0.015581832444192756 0.025610391270958318
9 0.4867117662520969 0.41403465755129837 0.07555718751240811 0.025261947915002688
9 0.5352212446160937 0.41420887922927613 0.016169826121332123 0.025610391270958495
9 0.5531550517688444 0.4147315402756223 0.016169826121332206 0.025610391270958387
