2 0.5894578636473871 0.1770447908427776 0.020102890707278078 0.03663193417770658
2 0.9824693769746718 0.01890205061219059 0.020102890707278078 0.03663193417770658
3 0.9361733220043922 0.018762697993459473 0.020102890707278078 0.035738472368494235
4 0.9595429324516028 0.018315967088853295 0.0216106075103238 0.03663193417770659
8 0.2945073488616228 0.9084201645557336 0.5206648693185006 0.05271424674352875
9 0.3440364574259732 0.31477082113557825 0.018690704169989872 0.032489520334994776
9 0.3170387736248761 0.5248451060288967 0.01952140213310048 0.036181511282153245
9 0.31703877362487604 0.56102661731105 0.01952140213310048 0.036181511282153245
9 0.0658328135765199 0.2667705978943229 0.01952140213310053 0.03248952033499474
9 0.08867700756206313 0.2667705978943229 0.01952140213310053 0.03248952033499474
9 0.10902910765827432 0.2667705978943229 0.01952140213310053 0.03248952033499474
9 0.12979655673604085 0.2667705978943229 0.01952140213310053 0.03248952033499474
9 0.15014865683225204 0.2667705978943229 0.01952140213310053 0.03248952033499474
9 0.018067680697656872 0.28707654810369454 0.019521402133100527 0.034704714903289885
9 0.018067680697656872 0.25089503682154124 0.019521402133100527 0.034704714903289885
9 0.8111765609775604 0.1408737065962181 0.020767449077767074 0.03618151128215331
9 0.8419123856126547 0.14087370659621806 0.020767449077767074 0.03618151128215331
9 0.8714021633030832 0.1416121047856497 0.020767449077767074 0.03618151128215331
9 0.9021379879381776 0.14235050297508142 0.020767449077767074 0.03618151128215331
9 0.9355735809533803 0.13939691021735465 0.027828381764208057 0.03322791852442649
9 0.9033840348828435 0.01977640352941938 0.020767449077767074 0.03618151128215331
9 0.8788784449710789 0.01977640352941938 0.020767449077767074 0.03618151128215331
