7 0.24296875000000007 0.2449074074074074 0.06093750000000003 0.026851851851851762
7 0.25052083333333336 0.2768518518518519 0.07395833333333336 0.024074074074074085
7 0.24348958333333337 0.30833333333333335 0.05989583333333339 0.025925925925925988
7 0.2255208333333334 0.4018518518518519 0.026041666666666713 0.02592592592592588
7 0.22369791666666672 0.43472222222222223 0.021354166666666716 0.023148148148148237
7 0.24114583333333336 0.46435185185185185 0.05729166666666668 0.028703703703703808
7 0.24531250000000007 0.5601851851851852 0.040625 0.016666666666666642
1 0.21822916666666667 0.5592592592592592 0.008333333333333356 0.01481481481481472
7 0.5380208333333334 0.5615740740740741 0.06458333333333335 0.021296296296296334
6 0.6895833333333333 0.5592592592592596 0.1406249999999999 0.02592592592592622
11 0.6630208333333334 0.6222222222222222 0.08645833333333329 0.027777777777777644
11 0.66328125 0.6550925925925927 0.08593749999999993 0.026851851851851762
7 0.5234374999999999 0.6231481481481482 0.040625 0.022222222222222143
7 0.5302083333333333 0.6550925925925927 0.05 0.021296296296296476
1 0.21848958333333332 0.5907407407407408 0.008854166666666642 0.014814814814814739
1 0.21848958333333335 0.6222222222222222 0.010937500000000036 0.016666666666666642
1 0.21875 0.6541666666666667 0.009375 0.013888888888888973
7 0.26588541666666665 0.5921296296296297 0.08177083333333332 0.019444444444444427
7 0.26536458333333335 0.6222222222222222 0.08177083333333329 0.018518518518518618
7 0.26822916666666663 0.6560185185185184 0.08541666666666664 0.01944444444444457
7 0.246875 0.6847222222222222 0.06562500000000003 0.021296296296296334
7 0.2434895833333333 0.7175925925925926 0.060937499999999964 0.020370370370370382
11 0.3622395833333333 0.6856481481481481 0.011979166666666643 0.025
7 0.3838541666666667 0.686574074074074 0.028124999999999928 0.023148148148148095
6 0.4190104166666667 0.7175925925925926 0.12760416666666663 0.027777777777777714
11 0.3377604166666666 0.4032407407407408 0.045312499999999964 0.026851851851851904
11 0.37890625 0.40277777777777785 0.03177083333333336 0.027777777777777787
11 0.4393229166666666 0.4023148148148148 0.0859375 0.026851851851851835
11 0.3588541666666667 0.46481481481481474 0.08645833333333332 0.025925925925925953
11 0.5380208333333344 0.433333333333333 0.4458333333333314 0.025925925925925977
11 0.44635416666666666 0.24537037037037038 0.209375 0.027777777777777714
9 0.5578125 0.2449074074074074 0.011458333333333215 0.026851851851851762
11 0.3544270833333333 0.27592592592592596 0.025520833333333357 0.025925925925925988
11 0.5476562500000007 0.3083333333333337 0.41302083333333234 0.027777777777777773
2 0.7796875 0.20092592592592595 0.01875 0.03148148148148153
9 0.6520833333333335 0.801388888888889 0.1 0.026851851851851904
9 0.7328125 0.801388888888889 0.057291666666666574 0.026851851851851904
