9 0.06432291666666666 0.019444444444444445 0.06822916666666666 0.025925925925925925
9 0.11614583333333332 0.019444444444444445 0.03229166666666666 0.025925925925925925
9 0.15286458333333333 0.01898148148148148 0.03906249999999998 0.026851851851851852
9 0.19791666666666663 0.019444444444444445 0.04791666666666668 0.025925925925925925
9 0.2421875 0.018518518518518517 0.03645833333333329 0.027777777777777776
9 0.02578125 0.1402777777777778 0.01927083333333334 0.03611111111111117
9 0.2078125 0.14166666666666666 0.065625 0.03333333333333332
9 0.28776041666666663 0.14074074074074072 0.07656249999999996 0.035185185185185174
9 0.3658854166666675 0.14074074074074075 0.05989583333333334 0.0333333333333333
9 0.4424479166666667 0.1412037037037037 0.07447916666666664 0.032407407407407406
9 0.53203125 0.14074074074074072 0.08489583333333328 0.03333333333333334
9 0.6049479166666667 0.1412037037037037 0.041145833333333284 0.032407407407407406
9 0.8796875 0.018518518518518517 0.019791666666666714 0.037037037037037035
9 0.9033854166666668 0.018055555555555554 0.020312500000000143 0.03611111111111111
9 0.8791666666666669 0.14166666666666666 0.020833333333333145 0.03333333333333332
9 0.9093750000000002 0.1416666666666667 0.02291666666666657 0.03703703703703704
9 0.9393229166666669 0.1412037037037037 0.021354166666666854 0.03611111111111112
2 0.9820312500000001 0.01944444444444444 0.01822916666666657 0.03518518518518518
3 0.9361979166666669 0.018518518518518517 0.020312500000000143 0.03518518518518518
4 0.9596354166666669 0.018518518518518517 0.021354166666666716 0.03333333333333333
9 0.5187500000000002 0.21203703703703702 0.01874999999999993 0.03333333333333332
6 0.10546875 0.1398148148148148 0.12135416666666664 0.03333333333333332
9 0.7825520833333333 0.018518518518518517 0.019270833333333428 0.03518518518518518
9 0.8307291666666665 0.018518518518518517 0.0625 0.03518518518518518
