5 0.08141670736447594 0.23020576849091284 0.05025722676819504 0.01786923618424712
5 0.08317571030136277 0.24762827377055363 0.053775232641968665 0.015188850756609924
5 0.06809854227090423 0.2637105863363761 0.024626041116415528 0.015188850756610013
5 0.080662848962953 0.2797928989021985 0.04874950996514913 0.015188850756609891
5 0.06734468386938133 0.29632194237262716 0.024123468848733624 0.014295388947397675
5 0.0819192796321579 0.31195752403384336 0.04824693769746721 0.01518885075661003
5 0.08217056576599888 0.32893329840887814 0.04975465450051308 0.015188850756610037
5 0.07412940948308766 0.36556523258658474 0.03367234193469067 0.01697577437503476
5 0.08619114390745448 0.38298773786622564 0.059806099854152084 0.016082312565822363
5 0.080662848962953 0.39951678133665425 0.04975465450051308 0.013401927138185386
5 0.07161654814467791 0.4151523629978705 0.030656908328598968 0.014295388947397783
5 0.08116542123063496 0.4544646826032141 0.04573407635905747 0.014295388947397712
5 0.08041156282911203 0.47010026426443036 0.04623664862673943 0.015188850756609966
5 0.08694500230897738 0.4852891150210404 0.06131381665719792 0.011615003519760619
5 0.0768935569553384 0.5013714275868628 0.03819549234382823 0.015188850756610108
5 0.08091413509679399 0.5411304780968127 0.047241793162103335 0.016082312565822435
5 0.07613969855381546 0.5804427977021563 0.03668777554078236 0.016082312565822505
5 0.07237040654620083 0.5965251102679787 0.03015433606091703 0.014295388947397783
1 0.19776218733284742 0.5813362595113687 0.010554017621320959 0.017869236184247086
1 0.19725961506516548 0.5451510562382683 0.010554017621320924 0.01697577437503476
1 0.1970083289313245 0.5080723911559555 0.010051445353638968 0.017869236184247156
1 0.19725961506516543 0.396389665004411 0.009548873085957041 0.017869236184247156
1 0.35280573191272907 0.7309911125544385 0.010051445353638968 0.01697577437503469
5 0.6927958709995683 0.6050898803281388 0.04673922089442133 0.01965615980267188
9 0.02487732725025654 0.1420604276647646 0.020605462974959958 0.03573847236849424
9 0.20605462974959962 0.14116696585555222 0.062318961192561806 0.037525395986918966
9 0.28370204510646074 0.1411669658555522 0.07488326788461042 0.035738472368494256
9 0.35883659912491245 0.14161369676015836 0.056288093980378484 0.036631934177706604
9 0.43371986700952303 0.1407202349509461 0.07538584015229262 0.036631934177706583
9 0.5224238722553872 0.14072023495094604 0.08493471323824969 0.03663193417770657
9 0.59529685106927 0.14116696585555225 0.04070835368223797 0.03395154875006955
9 0.8793826557563318 0.14116696585555222 0.020102890707278078 0.037525395986918966
9 0.9090344195495667 0.14116696585555222 0.023118324313369555 0.03573847236849423
9 0.9389374694766426 0.14206042766476457 0.021610607510323943 0.03573847236849424
11 0.42794028593118055 0.2497225756748535 0.17640286595636462 0.033058086940857156
11 0.5462960549702799 0.2501693065794597 0.05829838305110613 0.032164625131644836
11 0.37315990875384797 0.2868012407571663 0.06583696706633546 0.03395154875006952
11 0.4915156777929473 0.2872479716617724 0.1678591374057713 0.031271163322432474
11 0.3799446343675544 0.3234331749348729 0.07940641829374818 0.032164625131644795
11 0.45784333585825665 0.3609585709217918 0.23520382127515269 0.032164625131644725
11 0.44804317663845866 0.6937730948533943 0.21560350283555663 0.03484501055928206
11 0.44854574890614063 0.7670369632088075 0.21560350283555663 0.03305808694085719
11 0.44854574890614063 0.8045623591957265 0.21560350283555663 0.03305808694085719
11 0.4480431766384587 0.8411942933734331 0.21560350283555663 0.03305808694085719
7 0.24375000000000008 0.250462962962963 0.10416666666666664 0.022222222222222213
7 0.2317708333333334 0.2875 0.08020833333333328 0.02222222222222225
7 0.21171875000000007 0.32546296296296295 0.04010416666666664 0.020370370370370382
7 0.20833333333333343 0.36111111111111105 0.033333333333333375 0.01944444444444451
7 0.3213541666666667 0.3976851851851852 0.2239583333333333 0.02407407407407412
7 0.2401041666666667 0.5087962962962963 0.058333333333333286 0.022222222222222143
7 0.24192708333333335 0.5449074074074074 0.06406249999999997 0.020370370370370382
7 0.28697916666666673 0.5837962962962963 0.15520833333333328 0.020370370370370382
7 0.24062500000000006 0.6953703703703704 0.09583333333333333 0.023148148148148095
7 0.22968750000000007 0.7333333333333333 0.08020833333333333 0.021296296296296476
7 0.24062500000000006 0.7689814814814817 0.09999999999999998 0.020370370370370372
7 0.23359375000000004 0.8046296296296296 0.08489583333333328 0.01944444444444457
7 0.22812500000000008 0.8425925925925927 0.07291666666666664 0.01759259259259281
2 0.9833333333333334 0.01944444444444444 0.018749999999999857 0.03148148148148148
3 0.9364583333333334 0.01944444444444444 0.018749999999999857 0.03333333333333333
4 0.9593750000000003 0.019907407407407405 0.01875 0.03425925925925925
9 0.9031250000000003 0.018055555555555554 0.018749999999999857 0.03611111111111111
9 0.8791666666666669 0.019907407407407405 0.020833333333333145 0.03425925925925925
9 0.8312500000000003 0.018981481481481478 0.06250000000000014 0.03425925925925925
9 0.7828125000000001 0.01990740740740741 0.021875 0.03796296296296296
6 0.10572916666666664 0.13703703703703707 0.12187499999999997 0.02777777777777777
