9 0.06536458333333334 0.01990740740740741 0.06822916666666667 0.026851851851851852
9 0.1171875 0.019444444444444445 0.03229166666666668 0.025925925925925925
9 0.15338541666666666 0.01898148148148148 0.03697916666666668 0.026851851851851852
9 0.19765625 0.019444444444444445 0.0484375 0.02962962962962963
9 0.24244791666666665 0.019444444444444445 0.03593749999999996 0.025925925925925925
9 0.024999999999999988 0.1407407407407408 0.01979166666666666 0.033333333333333395
9 0.20755208333333336 0.14074074074074072 0.06510416666666669 0.035185185185185174
9 0.2877604166666667 0.1416666666666667 0.07552083333333336 0.03703703703703704
10 0.04270833333333331 0.24953703703703706 0.012500000000000004 0.019444444444444552
10 0.04218750000000002 0.28703703703703703 0.014583333333333337 0.024074074074074085
10 0.04192708333333332 0.32283950381808807 0.01302083333333332 0.021604933562101955
10 0.04166666666666666 0.36111111111111116 0.012499999999999995 0.022222222222222213
10 0.04192708333333334 0.39675925925925937 0.013020833333333356 0.024999999999999828
9 0.36640625 0.1412037037037037 0.058854166666666645 0.032407407407407406
9 0.4434895833333334 0.1416666666666667 0.0734375 0.03518518518518521
9 0.5322916666666666 0.14074074074074075 0.084375 0.03333333333333335
9 0.6044270833333334 0.1412037037037037 0.04218750000000007 0.03425925925925925
10 0.03489583333333334 0.6939814814814818 0.013541666666666658 0.023148148148148383
10 0.10989583333333325 0.6938534323395903 0.01354166666666665 0.02155239458007875
10 0.17734374999999983 0.6943163953025536 0.011979166666666558 0.022478320506005026
10 0.03527482219512943 0.8053033876061564 0.012216311056925522 0.021717886323422905
10 0.13723958333333322 0.8050925925925925 0.013020833333333376 0.020453116242042543
9 0.8796875000000003 0.018518518518518517 0.021875 0.03518518518518518
9 0.9023437500000003 0.018981481481481478 0.02031249999999986 0.03611111111111111
9 0.8791666666666669 0.1425925925925926 0.020833333333333145 0.03518518518518519
9 0.9093750000000003 0.1416666666666667 0.01875 0.03703703703703704
9 0.9390625000000002 0.1416666666666667 0.019791666666666714 0.03518518518518521
2 0.9833333333333337 0.018055555555555554 0.019791666666666714 0.03425925925925925
3 0.9367187500000003 0.018981481481481478 0.0203125 0.03425925925925925
4 0.9601562500000003 0.018981481481481478 0.0203125 0.03611111111111111
6 0.10598958333333332 0.13935185185185184 0.12135416666666664 0.033333333333333354
9 0.7830729166666666 0.018981481481481478 0.019270833333333286 0.03611111111111111
9 0.8309895833333334 0.01944444444444444 0.06302083333333329 0.03518518518518518
7 0.09375000000000004 0.249074074074074 0.07916666666666673 0.020370370370370452
7 0.1171875 0.2879629629629629 0.12604166666666664 0.01851851851851855
7 0.10833333333333332 0.3231481481481481 0.10625 0.020370370370370344
7 0.09322916666666665 0.36018518518518516 0.07916666666666666 0.02037037037037031
7 0.08385416666666666 0.3976851851851852 0.05729166666666667 0.0194444444444445
7 0.06614583333333332 0.4347222222222223 0.03437499999999999 0.019444444444444358
7 0.07369791666666665 0.47129629629629627 0.04947916666666667 0.020370370370370382
7 0.06901041666666666 0.5101851851851852 0.03802083333333332 0.020370370370370382
6 0.21770833333333328 0.43472222222222223 0.13437499999999997 0.032407407407407475
6 0.21848958333333332 0.4722222222222222 0.1348958333333333 0.033333333333333284
6 0.21822916666666664 0.5097222222222223 0.13437499999999997 0.03425925925925924
7 0.0609375 0.6944444444444445 0.02604166666666667 0.016666666666666715
7 0.14010416666666667 0.6939814814814815 0.034375 0.019444444444444285
7 0.21614583333333331 0.6939814814814815 0.053125 0.023148148148148095
7 0.07395833333333332 0.8055555555555556 0.04999999999999999 0.020370370370370382
7 0.17135416666666664 0.8064814814814816 0.04270833333333332 0.020370370370370382
