9 0.06438824761514465 0.01960501584844183 0.06830134553650703 0.02656163437530829
9 0.1165035972041982 0.018972595982363064 0.033083464244245596 0.024031954910993213
9 0.1529665551078022 0.018972595982363064 0.038419506864285226 0.026561634375308292
9 0.1976114450288003 0.01960501584844183 0.04873585592969512 0.027826474107465825
9 0.02454579605218221 0.14102963013556544 0.020632698130819832 0.03415067276825351
9 0.20863926644354877 0.1405026119721729 0.06438824761514475 0.03689115563794104
9 0.2415448626004598 0.01960501584844183 0.036996562165608 0.027826474107465825
9 0.28779056530746977 0.14166205000164422 0.07541606902989315 0.03415067276825352
9 0.36534105138537926 0.14018640203913338 0.06047514969378179 0.03499389603970466
9 0.4423579332012838 0.14134584006860484 0.07363738815654663 0.03478309263433228
9 0.5321813173052834 0.1408188219052122 0.08466520957129625 0.03499389603970474
9 0.6043957607631534 0.14102963013556546 0.04126539626163975 0.03541551250041106
9 0.8788718325251006 0.01897259598236306 0.020276961956150502 0.03668035223256858
9 0.902350420053275 0.018972595982363064 0.019565489606811894 0.035415512500411056
9 0.8790497006124351 0.14134584006860482 0.020632698130819874 0.032253413170017196
9 0.9089315392846572 0.14134584006860482 0.019921225781481127 0.03351825290217473
9 0.939346982218883 0.14166205000164422 0.02098843430548925 0.03541551250041106
2 0.9832803997905424 0.018656386049323678 0.01920975343214266 0.03478309263433228
3 0.9361453566468592 0.01960501584844183 0.018854017257473144 0.03541551250041105
4 0.9594460760876988 0.01928880591540245 0.018498281082803773 0.03351825290217475
11 0.21453452633016912 0.28616998940064287 0.12735355053161215 0.033518252902174764
11 0.21506813059217308 0.32348276149929023 0.12699781435694277 0.03225341317001721
11 0.21453452633016945 0.3611117435309767 0.12664207818227344 0.03288583303609646
11 0.21471239441750378 0.39652725603138805 0.1269978143569428 0.032885833036095914
11 0.20137228786740471 0.43384002813003536 0.10031760125674466 0.03162099330393844
1 0.29244074858274743 0.43352381819699604 0.01067208524007924 0.01581049665196936
11 0.16028475969309974 0.47178522009476154 0.01956548960681193 0.03288583303609599
11 0.43808909910525207 0.28616998940064287 0.07363738815654657 0.033518252902174694
11 0.43791123101791696 0.3231665515662509 0.07328165198187733 0.034150672768253655
11 0.4377333629305828 0.36047932366489815 0.0736373881565467 0.032885833036095914
11 0.43791123101791746 0.39747588583050614 0.07328165198187733 0.033518252902174764
6 0.10572916666666667 0.13935185185185184 0.12083333333333332 0.032407407407407406
12 0.07057291666666667 0.22037037037037038 0.07343749999999999 0.024074074074074046
12 0.1515625 0.21898148148148144 0.042708333333333355 0.02314814814814813
12 0.23854166666666665 0.21944444444444444 0.08541666666666668 0.025925925925925918
12 0.34010416666666665 0.2175925925925926 0.07604166666666667 0.02777777777777775
12 0.4380208333333333 0.22037037037037038 0.07395833333333336 0.027777777777777787
9 0.7828125 0.018981481481481478 0.01875 0.03611111111111111
9 0.8315104166666667 0.018055555555555557 0.0640625 0.03240740740740741
7 0.07161458333333331 0.28703703703703703 0.08593749999999999 0.020370370370370452
7 0.07395833333333333 0.32453703703703707 0.08958333333333333 0.02129629629629626
7 0.05859375 0.3606481481481481 0.05885416666666666 0.02129629629629626
7 0.0734375 0.3962962962962963 0.08958333333333332 0.024074074074074046
7 0.06692708333333335 0.4342592592592594 0.07864583333333335 0.022222222222222213
7 0.06744791666666666 0.4712962962962963 0.0765625 0.025925925925926022
7 0.3190104166666668 0.28518518518518515 0.0651041666666667 0.02222222222222217
7 0.31536458333333334 0.325 0.059895833333333356 0.020370370370370382
7 0.3182291666666666 0.36018518518518516 0.062499999999999965 0.02037037037037031
7 0.325 0.39814814814814825 0.07812499999999999 0.022222222222222313
7 0.33359375 0.4361111111111111 0.05989583333333332 0.020370370370370452
