10 0.3481899472415253 0.40448620115152906 0.012875818428215337 0.021413547493519473
10 0.3481899472415251 0.4421445088125455 0.012875818428215328 0.02289034387238296
10 0.3481899472415251 0.47906441828413043 0.012875818428215328 0.02289034387238296
11 0.5209751235685441 0.3310155813030757 0.07434746769840422 0.03248952033499474
2 0.6241893454850438 0.2438845949501352 0.022428845003987945 0.03839670585044843
2 0.9838815635119603 0.01919835292522422 0.022428845003987945 0.03839670585044843
3 0.9356209078589237 0.019198352925224177 0.022428845003987733 0.03691990947158496
4 0.9597111487891329 0.02067514930408758 0.02076744907776643 0.03691990947158496
8 0.4170755758324782 0.605147016726878 0.18243373316854808 0.053071631467213935
9 0.560308672121834 0.6044444308496338 0.09777315025812483 0.03167728232661973
9 0.0251097338849359 0.1409586000541693 0.020767449077766526 0.035577367308981867
9 0.18634065672505065 0.14129423559482013 0.02076744907776653 0.03624863839028343
9 0.01755793422029357 0.2500401507656703 0.02076744907776653 0.03624863839028343
9 0.01755793422029357 0.28628878915595374 0.02076744907776653 0.03624863839028343
9 0.03945815324775646 0.28628878915595374 0.02076744907776653 0.03624863839028343
9 0.06079198730037095 0.28662442469660365 0.018124319195141673 0.03557736730898155
9 0.11289940498640336 0.2872956957779052 0.018124319195141673 0.03557736730898155
9 0.13328926408093777 0.2866244246966037 0.018124319195141673 0.03557736730898155
9 0.1533015331922401 0.2859531536153021 0.018124319195141673 0.03557736730898155
9 0.08627931116853899 0.28662442469660304 0.02756406877594466 0.03557736730898148
9 0.19898992116332648 0.28729569577790426 0.02945201869210529 0.03557736730898144
9 0.23108506973805654 0.28796696685920575 0.02945201869210529 0.03557736730898144
9 0.287534772231258 0.2879669668592049 0.018501909178374333 0.03557736730898142
9 0.31188932614972925 0.2872956957779018 0.025676118859784908 0.034234825146378316
9 0.34908193949809285 0.14129423559481702 0.02076744907776721 0.03759118055288594
9 0.3796667281398946 0.1419655066761185 0.02076744907776721 0.03759118055288594
9 0.4149713915720974 0.14129423559481613 0.030962378625034842 0.03624863839028265
9 0.44989846502106884 0.14196550667611849 0.02076744907776721 0.03759118055288594
9 0.2675225031199544 0.14095860005416463 0.12271674455043953 0.03557736730898111
9 0.4801056636796383 0.14196550667611846 0.02076744907776721 0.03759118055288594
9 0.5518477604937402 0.1412942355948162 0.10459242535529793 0.03490609622767955
9 0.8115825983671726 0.14096692707332437 0.020389859094534297 0.03490609622768032
9 0.8414122070425097 0.14096692707332437 0.020389859094534293 0.03490609622768032
9 0.8712418157178469 0.14096692707332437 0.020389859094534293 0.03490609622768032
9 0.9018266043596483 0.14096692707332437 0.020389859094534293 0.03490609622768032
9 0.935620907858921 0.13895311382941913 0.02831924874241153 0.034906096227680226
9 0.9029593743093446 0.018795590276443248 0.020389859094534293 0.03490609622768032
9 0.8787936153824885 0.01946686135774479 0.02038985909453429 0.0362486383902834
7 0.39244791666666673 0.3324074074074073 0.10052083333333335 0.023148148148148168
9 0.5661458333333333 0.3291666666666667 0.015625 0.035185185185185264
7 0.38489583333333344 0.4050925925925926 0.046875 0.016666666666666715
7 0.4036458333333334 0.4435185185185185 0.08645833333333322 0.019444444444444427
7 0.39453125 0.47916666666666674 0.0671875 0.020370370370370452
