9 0.42608393244454235 0.784696208444374 0.3939960523996756 0.05589229039889698
9 0.6361259705659315 0.784101609610353 0.01672309220711689 0.030919139369602534
9 0.6779337010837235 0.7846962084443839 0.05485174243934338 0.032108337037664254
9 0.7458294554446183 0.784101609610353 0.01939878696025559 0.030919139369602534
10 0.2722314841390678 0.4731264194122326 0.015385244830547542 0.02259475569317125
10 0.2722314841390678 0.5099915471221437 0.014047397453978192 0.024973151029294628
11 0.3939755954068788 0.3631256351165304 0.026088023843102378 0.030919139369602746
11 0.44046579174266376 0.3246509633808294 0.12174411126781096 0.033297534705726085
9 0.01906432511611327 0.24913691145891484 0.019398786960255605 0.0297299417015412
9 0.02575356199896002 0.1421091213333667 0.022074481713394305 0.0392435230460343
9 0.1866297090314246 0.1421091213333667 0.021405558025109635 0.0392435230460343
9 0.2675694753138704 0.14032532483127425 0.1230819586443804 0.03567593004184937
9 0.3488437034404585 0.14091992366530506 0.023412329089963605 0.03686512770991101
9 0.37994865494569596 0.14032532483127425 0.02408125277824837 0.03805432537797266
9 0.4150671485806414 0.1415145224993359 0.031439413349379705 0.03805432537797268
9 0.4505201040597293 0.14151452249933588 0.020736634336824832 0.03567593004184936
9 0.47928382265597036 0.1415145224993359 0.02207448171339429 0.03805432537797268
9 0.5103887741612076 0.14091992366530506 0.022743405401678914 0.03686512770991101
9 0.5816291469635253 0.1427037201673973 0.10368317168412516 0.03567593004184929
2 0.7438431413725597 0.2378395336123292 0.020067710648540314 0.03567593004184934
9 0.8113635199037214 0.14091992366530506 0.020067710648540356 0.034486732373787736
9 0.841799547720674 0.14151452249933574 0.02341232908996343 0.038054325377972396
9 0.8715666518493422 0.14032532483127425 0.0214055580251096 0.03567593004184937
9 0.902002679666295 0.14091992366530506 0.022074481713394364 0.03686512770991101
9 0.9364522496129558 0.1385415283291818 0.028094794907956383 0.03448673237378776
2 0.9832769077928831 0.01902716268898634 0.02006771064854007 0.03329753470572609
9 0.8795937361087585 0.018432563854955515 0.021405558025109458 0.03686512770991103
9 0.9040094507311491 0.019027162688986337 0.020736634336824836 0.038054325377972674
3 0.9361177877688135 0.020216360357047988 0.01939878696025559 0.03805432537797268
4 0.9595301168587773 0.02081095919107881 0.020736634336824836 0.03686512770991104
9 0.7862788815930462 0.6950860369820322 0.02742587121967176 0.03448673237378785
9 0.8200595278514222 0.6944914381480012 0.026756947531387142 0.03329753470572612
9 0.8538401741097984 0.6944914381480012 0.02876371859624129 0.03329753470572612
9 0.8966512901600177 0.6944914381480012 0.04214219236193472 0.03329753470572612
9 0.06756129251675227 0.6962752346500938 0.017392015895401576 0.03448673237378756
9 0.10267978615169776 0.6950860369820319 0.03946649760879587 0.034486732373787694
9 0.13846720347492794 0.6950860369820322 0.018729863271970935 0.0344867323737877
9 0.01806093958368623 0.6189773862260871 0.020067710648540252 0.03924352304603406
1 0.07759514784102241 0.4733006718885352 0.009364931635985467 0.02140555802510967
1 0.07792960968516476 0.4982738229178297 0.011371702700839492 0.019027162688986222
7 0.3101562500000001 0.4745370370370371 0.05052083333333332 0.022222222222222286
7 0.2979166666666667 0.5115740740740741 0.023958333333333286 0.020370370370370525
11 0.4111979166666667 0.5101851851851852 0.058854166666666645 0.03425925925925931
11 0.5393229166666668 0.5092592592592593 0.05989583333333329 0.032407407407407475
7 0.46796875000000016 0.5101851851851852 0.0140625 0.023148148148148168
9 0.5106770833333334 0.32546296296296306 0.015104166666666686 0.03518518518518523
7 0.2875 0.32453703703703707 0.06874999999999996 0.020370370370370452
7 0.2966145833333334 0.3638888888888889 0.08906249999999993 0.02129629629629626
7 0.2914062500000002 0.6597222222222221 0.049479166666666775 0.022222222222222282
6 0.47526041666666674 0.6587962962962962 0.18906250000000008 0.033333333333333284
