9 0.04814006727596004 0.6100282263034454 0.020481987250943846 0.027844793125466154
9 0.08699560191377997 0.6105637030943197 0.05281139849998265 0.028201777652715733
9 0.1259515384498889 0.6105637030943197 0.020682791047521736 0.028201777652715733
9 0.21028913301259877 0.6098497340398206 0.14477953733265234 0.027487808598216524
9 0.29492793327017564 0.6107421953579446 0.02048198725094384 0.027844793125466154
9 0.3170163508937425 0.6109206876215694 0.020481987250943873 0.028201777652715806
9 0.3395063761104652 0.610385210830695 0.020481987250943873 0.028558762179965315
9 0.36199640132718786 0.6103852108306951 0.020080379657788115 0.02784479312546608
9 0.3843860246456215 0.6100282263034454 0.02028118345436603 0.027844793125466154
9 0.4066752460657663 0.610385210830695 0.02028118345436596 0.027130824070966994
9 0.4290648693842001 0.6103852108306951 0.020080379657788115 0.02784479312546608
9 0.45135409080434485 0.610385210830695 0.02008037965778804 0.027844793125466224
9 0.4737437141227786 0.6105637030943197 0.02028118345436596 0.028201777652715733
9 0.5606917580410006 0.6107421953579458 0.14919722085736617 0.02784479312546587
9 0.6656117417529437 0.6105637030943198 0.05742988582127388 0.028201777652715664
9 0.7065757162548314 0.6105637030943198 0.020481987250943804 0.028201777652715664
9 0.7287645357766873 0.6100282263034454 0.0202811834543661 0.027844793125466154
9 0.7614955546188819 0.610385210830695 0.040361563112154074 0.028558762179965242
9 0.8044675670865484 0.6109206876215694 0.04076317070530976 0.028201777652715733
9 0.8469375700627699 0.6109206876215685 0.04056236690873258 0.027487808598216534
9 0.8897087787338588 0.6103852108306951 0.0405623669087322 0.02784479312546608
9 0.9407129430646398 0.6106231996076701 0.057429885821275166 0.028320770679414835
9 0.9816264526131239 0.6100282263034456 0.0202811834543661 0.027844793125466154
1 0.046184873212912606 0.4393896222781528 0.00963858223573829 0.01784922636247835
1 0.045984069416334726 0.46152266296762595 0.008835367049426753 0.0164212882534801
2 0.9883494610673731 0.33437529306498986 0.018732239068145445 0.032489520334994706
