9 0.06516439926896858 0.020122450284324463 0.06888345927687499 0.02759650324707355
9 0.11674614459601816 0.019834986708834112 0.0329864452875176 0.027021576096092844
9 0.15361334815265548 0.01954752313334376 0.03816078964634386 0.027596503247073544
9 0.1982420682475322 0.01878095213658747 0.047862685319143325 0.027213215555522374
9 0.2422239952975557 0.018972595982363064 0.03622041051178403 0.025296794643150752
9 0.879373097134862 0.019547523133343764 0.018756998300745523 0.03449562905884194
9 0.9029810432720069 0.019260059557853416 0.0206973774353051 0.033920701907861235
9 0.879373097134862 0.14200700629223262 0.02134417048015848 0.034495629058841945
9 0.9094489737205399 0.14143207914125192 0.02134417048015848 0.03564548336080335
9 0.9396865485674311 0.14114461556576158 0.020373980912878266 0.03622041051178403
2 0.9833450790950278 0.019260059557853412 0.01908039482317193 0.036220410511784026
3 0.9367759798655912 0.018972595982363064 0.01972718786802517 0.03679533766276473
4 0.9598988312190961 0.019260059557853412 0.0206973774353051 0.036220410511784026
9 0.024901532226851514 0.14056968841478087 0.02005058439045187 0.03622041051178403
9 0.20842905870397146 0.14143207914125192 0.06435590796290196 0.03564548336080335
9 0.28766120669849904 0.14114461556576155 0.07470459668055454 0.03507055620982266
9 0.365599768603319 0.1415278988709666 0.06176873578349103 0.03583712282023282
9 0.44289153746328763 0.1408571519902712 0.07470459668055447 0.03334577475688054
9 0.5315021846081879 0.14200700629223262 0.08375969930850054 0.03449562905884193
9 0.6047514969378226 0.14171954271674225 0.042688340960316894 0.033920701907861214
6 0.10546875 0.14027777777777778 0.12135416666666664 0.032407407407407406
9 0.7833333333333334 0.018518518518518517 0.020833333333333287 0.03333333333333333
9 0.8307291666666665 0.018518518518518517 0.06354166666666672 0.03518518518518518
9 0.06536458333333334 0.32407407407407407 0.0171875 0.033333333333333354
