9 0.06509971996448326 0.018972595982363064 0.06901281788584564 0.025296794643150752
9 0.1172150695535368 0.018656386049323678 0.03237199189490699 0.02592921450922952
9 0.1529665551078022 0.019288805915402447 0.03841950686428523 0.027194054241387055
9 0.1979671812034696 0.01960501584844183 0.04802438358035652 0.02656163437530829
9 0.024723664139516863 0.14102963013556546 0.020276961956150523 0.03541551250041106
9 0.2419005987751291 0.019288805915402447 0.036996562165608 0.024664374777071982
9 0.20899500261821813 0.14071342020252606 0.06367677526580603 0.036047932366489836
9 0.2877905653074697 0.14039721026948665 0.07470459668055451 0.03541551250041104
9 0.36534105138537876 0.14145124177129104 0.060475149693782274 0.03499389603970475
9 0.4430694055506224 0.14166205000164422 0.07363738815654663 0.03415067276825352
9 0.532181317305284 0.14102963013556546 0.08395373722195658 0.03541551250041106
9 0.6043957607631534 0.14102963013556546 0.04126539626163961 0.03541551250041106
9 0.8788718325251006 0.01897259598236306 0.020276961956150502 0.03668035223256858
9 0.9032397604899483 0.01897259598236306 0.02134417048015848 0.03668035223256858
9 0.8792275686997699 0.14102963013556546 0.020276961956150502 0.03541551250041106
9 0.9091094073719919 0.14166205000164422 0.020988434305489106 0.03668035223256858
9 0.9393469822188828 0.14071342020252606 0.020276961956150502 0.037312772098647355
2 0.9831025317032078 0.018656386049323678 0.019565489606811752 0.03604793236648982
3 0.9359674885595246 0.018656386049323678 0.01992122578148127 0.03604793236648982
4 0.9601575484370375 0.01897259598236306 0.021344170480158624 0.03668035223256858
9 0.11650359720419817 0.2491734272350349 0.06581119231382186 0.03541551250041103
9 0.1974335769414656 0.2491734272350349 0.06758987318716844 0.03541551250041103
9 0.11614786102952887 0.3228503416332115 0.06652266466316048 0.03478309263433228
9 0.1974335769414656 0.32379897143232966 0.06758987318716844 0.034150672768253475
9 0.11703720146620211 0.39779209576354546 0.06616692848849112 0.03541551250041102
9 0.05513910707374265 0.5460945543590168 0.06758987318716841 0.03478309263433232
9 0.12699781435694277 0.5460945543590169 0.04695717505634858 0.03351825290217469
9 0.19778931311613498 0.5455675361956245 0.0668784008378297 0.03246421657538967
9 0.055494843248411974 0.656451820989762 0.06758987318716843 0.0341506727682534
9 0.13642482298567937 0.656451820989762 0.06794560936183769 0.03668035223256858
11 0.15705752111649926 0.8417508417508412 0.10707658857546157 0.031620993303938576
9 0.7833333333333333 0.018518518518518517 0.018749999999999847 0.03333333333333333
9 0.8309895833333334 0.018518518518518517 0.06302083333333329 0.03518518518518518
6 0.10546875 0.1388888888888889 0.12135416666666664 0.03148148148148147
7 0.0359375 0.25 0.03020833333333334 0.022222222222222286
7 0.03619791666666666 0.3231481481481482 0.02864583333333333 0.022222222222222178
7 0.04010416666666666 0.3976851851851852 0.03437499999999999 0.02129629629629626
7 0.0359375 0.8439814814814816 0.02604166666666666 0.021296296296296334
7 0.1046875 0.7666666666666667 0.165625 0.02407407407407419
