9 0.5275521428957987 0.5307837116905098 0.01964600682756718 0.030865044318244942
9 0.5275521428957987 0.5624609940171296 0.018732239068145376 0.029240568301495243
9 0.5531376401596071 0.3728034190615977 0.015990935789880183 0.023554902242871236
7 0.5965416087321392 0.4081357724259045 0.10188510517552267 0.03898742440199371
7 0.5963131667922837 0.44468648280277356 0.10234198905523356 0.02761609228474555
9 0.27580912517511275 0.37361565706997263 0.015990935789880218 0.02517937825962093
9 0.29979552885993305 0.37320953806578516 0.015534051910169353 0.025991616267995923
9 0.3185277679280785 0.37361565706997263 0.015534051910169353 0.02517937825962093
9 0.33657468117665756 0.37280341906159775 0.015990935789880253 0.0268038542763707
9 0.3546215944252367 0.37280341906159764 0.016447819669591083 0.025179378259621004
7 0.31921309374764484 0.40813577242590454 0.1027988729349444 0.03736294838524394
7 0.31921309374764484 0.44428036379858615 0.10371264069436617 0.030052806309870162
