12 0.2966866735286655 0.16664814433557948 0.08132533058853383 0.02517937825962093
12 0.37755512023748844 0.16502366831882972 0.07949779506969037 0.030052806309870183
6 0.436036256840479 0.22675375695531957 0.14072023495094604 0.02842833029312043
6 0.4362646987803344 0.2572126822693773 0.14117711883065695 0.027616092284745583
11 0.415933366133201 0.2892960836001847 0.07401518851315998 0.026803854276370734
1 0.5600802301819785 0.22675375695531977 0.008680793714506408 0.015432522159122506
1 0.5598517882421226 0.2580249202777522 0.009137677594217377 0.014620284150747563
1 0.5600802301819785 0.3205672469226172 0.009594561473928209 0.016244760167497388
1 0.5603086721218339 0.35224452924923694 0.008223909834795649 0.014620284150747622
11 0.409080107937538 0.3205672469226171 0.08680793714506414 0.02599161626799578
11 0.4019984078020197 0.3518384102450496 0.07355830463344909 0.0268038542763707
9 0.34785766805628227 0.4147868558941019 0.18183978412492383 0.029240568301495316
9 0.7882937280975552 0.9086232240578273 0.020102890707278012 0.02842833029312044
2 0.8164514930433134 0.12021122523948069 0.01827535518843462 0.034113996351744565
