1 0.4840090642101194 0.31406934285561783 0.010965213113060724 0.019493712200996986
11 0.5791003175335193 0.8034384019732778 0.34403356142228125 0.22417769031146517
2 0.5791003175335209 0.6317854341377643 0.3440335614222782 0.03357250021490529
2 0.7762457116287566 0.136455985406978 0.020102890707277218 0.034113996351744606
2 0.983095296450698 0.019087593196809423 0.019189122947856418 0.034926234360119365
3 0.9364931407201896 0.01868147419262199 0.019189122947856418 0.03573847236849424
4 0.9597942185854437 0.019493712200996847 0.02010289070727702 0.037362948385243955
9 0.018275355188434553 0.24977420658868005 0.02010289070727801 0.03411399635174451
9 0.018046913248579117 0.28754327397811147 0.02147354234641059 0.03655071037686916
9 0.038378245895712565 0.2875432739781114 0.019189122947856258 0.03655071037686916
9 0.060993997941400355 0.2875432739781114 0.01873223906814539 0.036550710376869154
9 0.08612261132549792 0.28835551198648607 0.027869916662362583 0.03655071037686912
9 0.11353564410814965 0.2879493929822988 0.01873223906814539 0.03411399635174471
9 0.1331816509357168 0.28713715497392406 0.01873223906814539 0.03411399635174471
9 0.1537414255227057 0.2871371549739241 0.01873223906814539 0.03411399635174471
9 0.025128613384097553 0.14174655147482249 0.021016658466699693 0.03573847236849444
9 0.1868655068017434 0.14093431346644764 0.021016658466699697 0.037362948385244184
9 0.19851604573437048 0.2879493929822987 0.027869916662362482 0.03411399635174471
9 0.23095480119384185 0.2879493929822988 0.027869916662362482 0.03411399635174471
9 0.322103135196159 0.22662542334999625 0.019189122947856248 0.03492623436011944
9 0.34220602590343707 0.22581318534162131 0.019189122947856248 0.03492623436011944
9 0.363222684370137 0.2250009473332465 0.019189122947856248 0.03492623436011944
9 0.38378245895712587 0.2241887093248716 0.019189122947856248 0.03492623436011944
9 0.4047991174238257 0.22540706633743388 0.01918912294785625 0.03411399635174461
9 0.8116392368646572 0.140917276507796 0.021182798059321755 0.03691990947158496
9 0.841544363536641 0.14165567469722773 0.021182798059321755 0.03691990947158496
9 0.8714494902086249 0.14091727650779604 0.021182798059321755 0.03691990947158496
9 0.9017699658621637 0.14017887831836431 0.021182798059321755 0.03691990947158496
9 0.9358285823497003 0.1401788783183643 0.02865907972731809 0.036919909471584945
9 0.903431361788385 0.018459954735792476 0.021182798059321755 0.03691990947158496
9 0.8797564698397309 0.018459954735792476 0.021182798059321755 0.03691990947158496
7 0.3291666666666667 0.6319444444444444 0.034375 0.02592592592592588
7 0.34166666666666673 0.7050925925925927 0.059375 0.025925925925926095
