9 0.025379899517938488 0.14250715856937077 0.020605462974959955 0.036631934177706583
9 0.18670559744384452 0.14116696585555225 0.021610607510323874 0.03395154875006955
9 0.26711716027295657 0.14176260478950284 0.1251404946528056 0.0369297502363956
9 0.3492877260389556 0.14161369676015842 0.024123468848733662 0.04020578141455608
9 0.3796933482337134 0.14206042766476457 0.026636330187143287 0.03931231960534367
9 0.4090938258931075 0.14161369676015842 0.026133757919461473 0.04020578141455602
9 0.4397507342217065 0.14116696585555225 0.02512861338409742 0.04109924322376834
9 0.47091021481798734 0.14116696585555225 0.025128613384097564 0.04109924322376834
9 0.5420241906949834 0.14116696585555222 0.10604274848089147 0.039312319605343655
9 0.8788800834886499 0.018762697993459473 0.023118324313369812 0.035738472368494235
9 0.9032548384712245 0.01920942889806565 0.0216106075103238 0.03484501055928188
9 0.8120379718869504 0.14116696585555225 0.02412346884873372 0.04109924322376834
9 0.8411871634125034 0.14072023495094607 0.02412346884873344 0.0419927050329807
9 0.8731005024103073 0.14116696585555222 0.024626041116415535 0.039312319605343655
9 0.9019984078020196 0.14116696585555222 0.02311832431336967 0.039312319605343655
9 0.9361733220043922 0.1384865804279152 0.034174914202372404 0.03931231960534367
9 0.43083690685019127 0.4319887847541742 0.0216106075103238 0.04020578141455594
9 0.4532013727620381 0.4319887847541742 0.0221131797780059 0.04020578141455594
9 0.018343887770391195 0.4324355156587803 0.020495896581051675 0.03931231960534361
11 0.23796796874740345 0.579856714178819 0.12111991651135004 0.03395154875006945
11 0.4613613417320303 0.6910927094257573 0.026133757919461403 0.031271163322432474
11 0.6714365496230854 0.5807501759880314 0.039200636879192105 0.03395154875006952
11 0.46199638744647215 0.7286181054126764 0.025631185651779447 0.03305808694085698
1 0.04146221208376089 0.6917556758217371 0.009548873085957048 0.017869236184247086
1 0.04146221208376089 0.7288343409040501 0.010554017621320959 0.018762697993459483
2 0.9831638290326545 0.018762697993459473 0.01960031843959598 0.035738472368494235
3 0.9366758942720742 0.0183159670888533 0.019097746171914166 0.03484501055928189
4 0.9600455047192848 0.019209428898065654 0.0216106075103238 0.0366319341777066
12 0.0671875 0.5143518518518518 0.07604166666666667 0.025925925925925953
12 0.17578125 0.5143518518518518 0.09427083333333329 0.02962962962962962
12 0.27447916666666666 0.5148148148148148 0.05520833333333336 0.028703703703703738
12 0.3739583333333333 0.5143518518518517 0.09791666666666664 0.027777777777777787
12 0.4643229166666667 0.5152777777777778 0.036979166666666646 0.022222222222222286
12 0.54921875 0.5120370370370371 0.08802083333333335 0.028703703703703738
12 0.6328125000000001 0.513425925925926 0.030208333333333285 0.027777777777777856
12 0.7203125 0.512962962962963 0.09479166666666672 0.028703703703703808
6 0.26171875 0.4328703703703704 0.2765625 0.035185185185185264
7 0.04088541666666667 0.4319444444444445 0.02239583333333334 0.020370370370370382
7 0.0578125 0.5819444444444444 0.04270833333333333 0.020370370370370525
7 0.07838541666666668 0.6189814814814815 0.08489583333333334 0.018518518518518618
7 0.07083333333333335 0.6569444444444444 0.06875 0.020370370370370382
7 0.07109375 0.6925925925925926 0.03385416666666665 0.023148148148148237
7 0.07682291666666667 0.7287037037037036 0.04114583333333334 0.023148148148148095
7 0.309375 0.5814814814814815 0.015625 0.021296296296296403
7 0.30989583333333337 0.6189814814814816 0.014583333333333321 0.022222222222222286
7 0.3104166666666668 0.6569444444444446 0.014583333333333478 0.02777777777777786
7 0.37447916666666664 0.5814814814814814 0.06666666666666671 0.019444444444444427
7 0.37369791666666663 0.6185185185185185 0.06510416666666671 0.02129629629629626
7 0.37317708333333327 0.6541666666666667 0.06614583333333336 0.020370370370370382
7 0.3752604166666667 0.6912037037037035 0.06927083333333335 0.022222222222222143
11 0.49921875 0.5800925925925925 0.07135416666666672 0.029629629629629547
11 0.4541666666666667 0.5800925925925925 0.011458333333333357 0.029629629629629547
11 0.48567708333333337 0.6537037037037037 0.07447916666666671 0.032407407407407406
7 0.3773437499999999 0.7287037037037039 0.07135416666666657 0.023148148148148237
7 0.58046875 0.5805555555555556 0.07447916666666664 0.023148148148148168
11 0.6986979166666666 0.5800925925925925 0.010937499999999857 0.033333333333333354
11 0.23802083333333335 0.6166666666666666 0.11979166666666669 0.032407407407407475
11 0.23828125 0.6541666666666666 0.12135416666666668 0.03148148148148153
6 0.1059895833333333 0.1398148148148149 0.1213541666666666 0.033333333333333555
9 0.7833333333333334 0.018518518518518517 0.019791666666666714 0.03518518518518518
9 0.8315104166666667 0.018055555555555554 0.0640625 0.03611111111111111
