5 0.07692622415273774 0.2685844205056295 0.06020313194562085 0.022594755693171285
5 0.24616391728876075 0.3494498619338213 0.032108337037664435 0.020216360357047946
5 0.12910227183894246 0.42734230919185934 0.1645552273180303 0.023783953361232974
5 0.16288291809731845 0.44934246605099726 0.2334543672113519 0.022594755693171216
5 0.16789984575945346 0.473126419412229 0.24215037515905258 0.02021636035704785
5 0.11773056913810272 0.4933427797692739 0.14181182191635128 0.020216360357047672
5 0.1291022718389423 0.5147483377943898 0.16589307469459932 0.020216360357047092
5 0.12107518757952634 0.5367484946535307 0.14850105879919806 0.019027162688986153
5 0.09130808345085827 0.5569648550105787 0.09030469791843125 0.019027162688986365
9 0.44270676148425764 0.3597577308267044 0.02010289070727801 0.03931231960534362
9 0.44245547535041657 0.24986192829358467 0.01960031843959598 0.033951548750069484
9 0.44270676148425764 0.28694059337589745 0.02010289070727801 0.036631934177706604
11 0.6389612320140593 0.2127832632112719 0.07287297881388277 0.03305808694085719
1 0.7163573612370794 0.2118898014020595 0.010554017621320924 0.018762697993459483
9 0.8560724516526615 0.36154465444512923 0.01960031843959609 0.03573847236849416
9 0.8764266284937805 0.36065119263591683 0.0190977461719145 0.0375253959869189
9 0.8112841134854275 0.14072023495094604 0.021610607510323662 0.03841885779613131
9 0.8416897356801857 0.14116696585555222 0.020102890707278078 0.037525395986918966
9 0.8718440717411025 0.14072023495094604 0.0221131797780059 0.03841885779613131
9 0.9014958355343379 0.14072023495094604 0.0221131797780059 0.036631934177706604
9 0.9361733220043922 0.13893331133252138 0.028144046990189367 0.03305808694085721
9 0.8793826557563313 0.019656159802671835 0.020102890707278262 0.03752539598691895
9 0.9030035523373834 0.019656159802671835 0.0221131797780059 0.03752539598691895
2 0.9831638290326546 0.018762697993459473 0.019600318439596098 0.035738472368494235
4 0.9597942185854439 0.019656159802671835 0.02110803524264185 0.03752539598691895
3 0.9359220358705513 0.01920942889806565 0.020605462974960034 0.03484501055928188
9 0.025631185651779465 0.14161369676015842 0.022113179778005813 0.036631934177706604
9 0.18670559744384452 0.1420604276647646 0.021610607510323874 0.03573847236849424
9 0.26686587413911567 0.14086914298029046 0.12363277784975964 0.03692975023639561
9 0.34928772603895547 0.14250715856937077 0.020102890707278078 0.034845010559281867
9 0.3794420620998724 0.14116696585555222 0.022113179778005688 0.037525395986918966
9 0.41411954856992705 0.14072023495094607 0.03316976966700871 0.040205781414555976
9 0.45030475184302743 0.14206042766476457 0.025128613384097564 0.03931231960534367
9 0.4804590879039445 0.14161369676015842 0.02311832431336974 0.036631934177706604
9 0.5518243499147814 0.14116696585555225 0.10453503167784561 0.03573847236849426
6 0.6861979166666667 0.36018518518518516 0.2776041666666666 0.03425925925925924
7 0.78046875 0.21296296296296297 0.10260416666666657 0.023148148148148168
6 0.5299479166666667 0.2134259259259259 0.1380208333333332 0.033333333333333354
9 0.4455729166666667 0.2125 0.025520833333333284 0.03518518518518519
7 0.47421875000000013 0.24907407407407406 0.03802083333333336 0.01759259259259256
7 0.4908854166666669 0.28749999999999987 0.0692708333333337 0.01851851851851852
7 0.46562500000000007 0.3606481481481481 0.02187500000000014 0.01851851851851855
6 0.10546875 0.1398148148148148 0.12135416666666664 0.03333333333333332
9 0.7830729166666667 0.018981481481481478 0.01822916666666657 0.03425925925925925
9 0.8307291666666667 0.018518518518518517 0.0625 0.03518518518518518
