8 0.4382765869446413 0.8113500062938573 0.30344810950368484 0.05729770582478849
9 0.602771003018282 0.8102689175047101 0.018243373316854772 0.03351375246355545
9 0.6416901994275723 0.8102689175047101 0.04743277062382248 0.03135157488526147
9 0.7214845006960169 0.69513296146056 0.01945959820464509 0.03243266367440853
9 0.7506738980029846 0.6956735058551334 0.029189397306967776 0.03135157488526175
9 0.7850322510830611 0.6956735058551334 0.02858128486307251 0.03351375246355545
9 0.8193906041631377 0.6951329614605598 0.029189397306967634 0.030270486096114695
9 0.8537489572432142 0.6945924170659866 0.029797509750862726 0.03351375246355559
9 0.8960127720939277 0.6956735058551334 0.04621654573603209 0.03135157488526175
2 0.6795247420672509 0.26377853459092643 0.020675823092435337 0.0345948412527024
9 0.48553687246469474 0.21242681710644626 0.02067582309243548 0.03567593004184935
1 0.07753433659663289 0.47350975968543496 0.010337911546217722 0.017297420626351184
1 0.07723028037468532 0.4983748018358148 0.010946023990112873 0.017297420626351184
9 0.017635260872959642 0.2497315102929457 0.020675823092435444 0.03459484125270244
9 0.025540722643596716 0.14270372016739752 0.021892047980225756 0.03675701883099633
9 0.18608240783191896 0.14270372016739752 0.023108272868016116 0.03675701883099633
9 0.26696136286997524 0.1416226313782506 0.12527116344240288 0.036757018830996344
9 0.3487524865738743 0.14162263137825057 0.02250016042412092 0.03459484125270242
9 0.37946216499057983 0.14162263137825057 0.021892047980225798 0.03459484125270242
9 0.4147326867364991 0.1416226313782506 0.03283807197033859 0.036757018830996344
9 0.4496991522604708 0.1410820869836771 0.02371638531191124 0.040000285198437166
9 0.47980071823328124 0.14162263137825057 0.023108272868016116 0.03891919640929023
9 0.509902284206092 0.1405415425891036 0.023716385311911416 0.03891919640929027
9 0.5822676650296157 0.14054154258910362 0.10641967768165309 0.03675701883099633
9 0.8114851423925006 0.14054154258910362 0.021892047980225725 0.03675701883099633
9 0.8415867083653111 0.14108208698367714 0.022500160424121132 0.03567593004184939
9 0.8719923305600691 0.14054154258910362 0.022500160424120993 0.03675701883099633
9 0.9020938965328795 0.1416226313782506 0.02310827286801626 0.036757018830996344
9 0.9361481933910083 0.13837936501080975 0.030405622194757884 0.03459484125270242
9 0.8796339418901727 0.020549621611884183 0.0216106075103238 0.039312319605343655
9 0.9035061246050654 0.019656159802671835 0.022113179778005757 0.03752539598691895
2 0.9834151151664955 0.018315967088853295 0.02110803524264199 0.03663193417770659
3 0.9361733220043922 0.018762697993459473 0.02110803524264185 0.035738472368494235
4 0.9597942185854439 0.018762697993459473 0.022113179778005757 0.035738472368494235
9 0.06734468386938133 0.6946665566626068 0.021108035242641918 0.03484501055928206
9 0.10327860100864075 0.6942198257580006 0.04070835368223795 0.033951548750069664
9 0.13845865974637728 0.695113287567213 0.020605462974959944 0.03573847236849431
9 0.21409578603251078 0.6946665566626068 0.12162248877903194 0.03484501055928206
9 0.01859517390423216 0.6191690337841627 0.021108035242641914 0.03752539598691882
7 0.3471354166666667 0.3893518518518518 0.07447916666666664 0.02407407407407412
7 0.3484375 0.42685185185185176 0.07604166666666667 0.0194444444444445
11 0.5492187500000009 0.38842592592592595 0.2234374999999984 0.03148148148148134
11 0.45494791666666673 0.42546296296296304 0.03281250000000007 0.033333333333333354
7 0.34661458333333334 0.5379629629629631 0.07552083333333329 0.02129629629629626
7 0.32578125 0.5763888888888888 0.03177083333333336 0.01851851851851855
11 0.5091145833333335 0.5731481481481482 0.14114583333333322 0.03240740740740755
11 0.5494791666666675 0.5370370370370371 0.22187499999999827 0.03425925925925922
7 0.3403645833333334 0.6851851851851852 0.05781249999999996 0.01944444444444457
11 0.5500000000000005 0.6842592592592599 0.22187499999999927 0.03240740740740747
9 0.7833333333333334 0.01944444444444444 0.018749999999999857 0.03333333333333333
9 0.8309895833333334 0.01944444444444444 0.06302083333333329 0.03333333333333333
6 0.10546875 0.1398148148148148 0.12239583333333331 0.03333333333333332
1 0.2921875 0.21296296296296297 0.011458333333333322 0.01851851851851851
6 0.10598958333333332 0.2125 0.14010416666666664 0.034259259259259274
11 0.21458333333333332 0.21203703703703702 0.07291666666666671 0.033333333333333354
9 0.021614583333333336 0.21296296296296294 0.02447916666666667 0.03518518518518519
