9 0.06548762908306978 0.019621761523017162 0.06769507725440921 0.026162348697356216
9 0.11736266110954642 0.019621761523017162 0.031640090455865195 0.026162348697356216
9 0.15341764790809045 0.02027582024045107 0.03752661891277029 0.027470466132224026
9 0.19830242739199222 0.02027582024045107 0.04782804371235436 0.027470466132224026
9 0.24281929884733738 0.02158393767531888 0.036790802855657175 0.027470466132224026
9 0.02575356199896001 0.14127668296572357 0.019131217484941728 0.03662728817629869
9 0.2082359441630197 0.14127668296572357 0.06475181302595663 0.034011053306563094
9 0.28733617030268255 0.14127668296572357 0.07431742176842757 0.03401105330656309
9 0.3668043044709019 0.14127668296572343 0.0596011006261645 0.03401105330656304
9 0.443329174410669 0.1408406404940525 0.07578905388265356 0.0331389683632218
9 0.5319950092928029 0.14127668296572357 0.08388303051089835 0.03401105330656309
9 0.6048407989470042 0.14127668296572357 0.04120569919833592 0.03139481843682745
9 0.8800619826905576 0.018313644088149353 0.020602849599167996 0.03401105330656309
9 0.9028722804610649 0.018967702805583256 0.020602849599167996 0.03531917074143089
9 0.879694074662001 0.14127668296572357 0.019867033542054883 0.03139481843682745
9 0.9083909008894137 0.14062262424828964 0.02133866565628125 0.03270293587169528
9 0.9392951752881656 0.14127668296572357 0.02133866565628125 0.03401105330656309
2 0.9830762306863977 0.018967702805583256 0.019131217484941912 0.032702935871695274
3 0.9369791666666668 0.01944444444444444 0.019791666666666714 0.03518518518518518
4 0.9604166666666668 0.019444444444444445 0.021874999999999856 0.037037037037037035
11 0.15989583333333332 0.21203703703703702 0.08645833333333335 0.033333333333333354
9 0.23515625 0.21203703703703702 0.0203125 0.033333333333333354
11 0.1296875 0.3231481481481482 0.025 0.03148148148148153
11 0.12942708333333333 0.3597222222222222 0.02552083333333334 0.032407407407407475
9 0.15442708333333333 0.32407407407407407 0.018229166666666696 0.033333333333333354
9 0.17421875 0.324537037037037 0.0203125 0.03425925925925924
9 0.15390625 0.36018518518518516 0.018229166666666678 0.035185185185185264
9 0.17421874999999998 0.3611111111111112 0.01927083333333337 0.03333333333333333
11 0.16380208333333332 0.4712962962962963 0.09427083333333335 0.033333333333333215
9 0.2752604166666667 0.4717592592592592 0.10052083333333335 0.032407407407407336
9 0.071875 0.5453703703703704 0.1 0.03333333333333343
9 0.17421875 0.5458333333333333 0.0994791666666667 0.03425925925925924
9 0.27578125 0.5458333333333334 0.09947916666666667 0.032407407407407406
11 0.20833333333333337 0.6564814814814816 0.1135416666666667 0.03148148148148153
11 0.19088541666666667 0.6939814814814815 0.08072916666666664 0.032407407407407336
11 0.19114583333333335 0.7305555555555557 0.07916666666666666 0.03148148148148138
11 0.18723958333333335 0.7680555555555554 0.07239583333333333 0.034259259259259094
11 0.18776041666666668 0.8055555555555556 0.0734375 0.03333333333333343
9 0.7833333333333333 0.018981481481481478 0.01875 0.03611111111111111
9 0.8307291666666665 0.018981481481481478 0.0625 0.03425925925925925
6 0.10546875 0.14027777777777778 0.12135416666666664 0.032407407407407406
7 0.03307291666666667 0.2125 0.03385416666666667 0.021296296296296334
7 0.039322916666666666 0.3236111111111111 0.032812499999999994 0.02314814814814813
7 0.0375 0.36157407407407405 0.03125 0.019444444444444427
7 0.03958333333333333 0.47314814814814815 0.03541666666666666 0.022222222222222286
7 0.03697916666666667 0.6578703703703703 0.03020833333333334 0.01944444444444457
7 0.07187500000000002 0.7680555555555558 0.06458333333333335 0.02129629629629653
7 0.07369791666666665 0.8069444444444445 0.06927083333333331 0.02129629629629646
