8 0.4762283317386424 0.6577272441990235 0.3980372360041075 0.054054439457346455
1 0.2994647351917978 0.5322918517693146 0.011884380409242619 0.0194014124273183
1 0.29946473519179767 0.4953719422977295 0.011884380409242619 0.0194014124273183
11 0.5128675114485841 0.42066155188922066 0.2085674910880094 0.03395154875006945
2 0.7111397587699596 0.33281452393160266 0.021108035242641852 0.034845010559281804
2 0.9825287833182123 0.019209428898065713 0.021108035242641852 0.036631934177706514
3 0.9361733220043922 0.018315967088853292 0.020102890707278078 0.03663193417770659
4 0.9592916463177616 0.02025179873662253 0.019097746171914017 0.03276027088216816
8 0.2929996320585766 0.909313626364946 0.5186545802477729 0.05628809398037862
9 0.018439781299840516 0.2498230240745194 0.021560359673659674 0.03580784881473299
9 0.018156092356766042 0.2861352087880515 0.021560359673659674 0.03580784881473299
9 0.06638321267942582 0.2669704446336872 0.019290848129063853 0.035807848814732916
9 0.08851095023923439 0.26596177283608907 0.019290848129063853 0.035807848814732916
9 0.10893655414059616 0.2659617728360891 0.019290848129063853 0.035807848814732916
9 0.12936215804195797 0.2659617728360891 0.019290848129063853 0.035807848814732916
9 0.14978776194331977 0.2659617728360891 0.019290848129063853 0.035807848814732916
9 0.8114922216645197 0.14139080583272212 0.021844048616734252 0.03681652061233113
9 0.8421306275165622 0.14164297378212168 0.02184404861673427 0.0363121847135321
9 0.8716342775963067 0.14113863788332262 0.02184404861673427 0.0363121847135321
9 0.9022726834483494 0.14164297378212168 0.02184404861673427 0.0363121847135321
9 0.9357479787311371 0.13912129428812628 0.02751782747822299 0.033286169320737705
9 0.902981905806035 0.019089350373950847 0.020425603901362163 0.03530351291593395
9 0.8794357235308539 0.01934151832335038 0.020425603901362156 0.035807848814733007
6 0.5130208333333335 0.4574074074074075 0.20833333333333337 0.032407407407407406
7 0.32656250000000014 0.4208333333333333 0.06458333333333335 0.022222222222222213
7 0.3268229166666668 0.45787037037037037 0.06510416666666671 0.020370370370370382
7 0.37968750000000007 0.4958333333333334 0.13854166666666656 0.02037037037037031
7 0.3658854166666668 0.5324074074074074 0.10781250000000003 0.021296296296296403
