1 0.5484982238313081 0.6228822336397433 0.010554017621321066 0.018762697993459553
9 0.4849228319695414 0.5491716343797239 0.019097746171914023 0.03573847236849424
11 0.5113078760228439 0.6219887718305306 0.03266719739932686 0.03127116332243246
11 0.5997605951348666 0.3996656893659988 0.20856749108801018 0.03335590299954626
11 0.5321646251316448 0.43748890822817943 0.0733755510815648 0.030377701513220005
11 0.5585496691849471 0.4750143042150983 0.12715078372353347 0.03395154875006952
11 0.599760595134866 0.5113484155175427 0.20856749108801145 0.03514282661797114
9 0.7246498036538316 0.40041024314586665 0.026133757919461403 0.034845010559281846
9 0.7241472313861496 0.43748890822817943 0.02713890245482517 0.03573847236849431
9 0.7254036620553542 0.47501430421509805 0.02663633018714338 0.032164625131644795
9 0.7251523759215134 0.5116462383928047 0.027138902454825215 0.03573847236849431
9 0.7246498036538316 0.5500650961889363 0.026133757919461403 0.03216462513164487
2 0.7774198917604365 0.23900103396430525 0.019097746171914023 0.03484501055928188
2 0.9836664013003364 0.01965615980267183 0.020605462974959892 0.033951548750069525
3 0.9361733220043922 0.018762697993459473 0.019097746171914166 0.035738472368494235
4 0.9597942185854439 0.018762697993459473 0.019097746171914023 0.035738472368494235
9 0.9030035523373834 0.01742250527964094 0.019097746171914023 0.03484501055928188
9 0.8793826557563318 0.019656159802671835 0.020102890707278078 0.03752539598691895
9 0.9361733220043922 0.1384865804279152 0.027138902454825312 0.03573847236849423
9 0.9022496939358605 0.14116696585555222 0.01960031843959598 0.037525395986918966
9 0.8720953578749436 0.14116696585555222 0.021610607510323943 0.03573847236849424
9 0.8414384495463446 0.14161369676015842 0.020605462974959892 0.03484501055928188
9 0.8115353996192686 0.14161369676015842 0.02110803524264185 0.03484501055928188
9 0.024626041116415563 0.14161369676015842 0.02110803524264191 0.036631934177706604
9 0.18645431131000353 0.14206042766476457 0.021108035242641918 0.037525395986918945
9 0.2671171602729566 0.1408691429802906 0.12313020558207781 0.0351428266179709
9 0.3482825815035915 0.14250715856937077 0.02311832431336974 0.036631934177706583
9 0.3796933482337134 0.1420604276647646 0.023620896581051626 0.03573847236849424
9 0.4146221208376089 0.14161369676015842 0.031159480596280886 0.03484501055928188
9 0.4510586102445504 0.14161369676015842 0.02060546297495996 0.03484501055928188
9 0.47995651563626246 0.14116696585555222 0.020102890707277936 0.037525395986918966
9 0.5520756360486223 0.14161369676015842 0.10302731487479974 0.036631934177706604
1 0.29224577365705406 0.21175044878332833 0.011559162156684835 0.019656159802671845
11 0.21459835830019272 0.21219717968793453 0.07136526201083693 0.03127116332243245
9 0.018092601636550208 0.2492758447702473 0.018092601636550208 0.03395154875006952
9 0.01834388777039118 0.28724797166177246 0.018595173904232157 0.033058086940857156
9 0.03844677847766919 0.2868012407571663 0.017590029368868255 0.03395154875006952
9 0.061313816657197935 0.288588164375591 0.0180926016365502 0.03395154875006955
9 0.08619114390745447 0.28769470256637864 0.02864661925787117 0.03573847236849424
9 0.11358133249612075 0.28724797166177246 0.018092601636550184 0.033058086940857156
9 0.13343293706955778 0.2881414334709848 0.017590029368868266 0.03305808694085723
9 0.1537871139106768 0.288588164375591 0.019097746171914114 0.03395154875006955
9 0.19977247640357526 0.28769470256637864 0.027641474722507303 0.03573847236849424
9 0.2314345292675381 0.28769470256637864 0.028646619257871143 0.035738472368494256
9 0.2872200509802345 0.28724797166177246 0.018595173904232105 0.03305808694085712
8 0.5127561864823487 0.748274265215344 0.4065809645546972 0.05628809398037705
9 0.018092601636550208 0.8411942933734329 0.02110803524264191 0.03663193417770671
9 0.43120700567111325 0.8425344860872517 0.020102890707278078 0.03395154875006938
9 0.45231504091375513 0.8416410242780392 0.021108035242641918 0.03931231960534362
12 0.4492187500000005 0.3328703703703703 0.21927083333333414 0.02777777777777772
12 0.66796875 0.33287037037037037 0.16510416666666672 0.029629629629629655
7 0.3838541666666667 0.40092592592592596 0.09895833333333336 0.023148148148148095
7 0.35234375 0.43657407407407406 0.03802083333333329 0.020370370370370452
7 0.35416666666666674 0.475 0.041666666666666644 0.021296296296296403
7 0.38229166666666664 0.512037037037037 0.09583333333333328 0.02129629629629626
7 0.36979166666666674 0.5495370370370369 0.06874999999999992 0.022222222222222213
11 0.5049479166666667 0.5486111111111112 0.018229166666666644 0.03518518518518512
7 0.3778645833333333 0.6236111111111111 0.09114583333333336 0.022222222222222213
7 0.5921875 0.6222222222222222 0.06354166666666679 0.021296296296296334
9 0.728125 0.7476851851851853 0.018749999999999857 0.03148148148148138
9 0.7536458333333335 0.7486111111111111 0.019791666666666714 0.033333333333333284
6 0.2619791666666667 0.8421296296296298 0.27708333333333335 0.03425925925925913
7 0.04192708333333332 0.8421296296296298 0.02239583333333333 0.01759259259259219
