9 0.277165271395565 0.273789721622119 0.017029308243768568 0.025843936630109424
9 0.29606365005633256 0.2741589207168349 0.016613959262213242 0.025105538440677755
9 0.31413133075398947 0.2741589207168349 0.01619861028065788 0.025105538440677755
9 0.3326143604332016 0.27489731890626656 0.01578326129910259 0.026582334819541132
9 0.3564969268726332 0.273789721622119 0.01619861028065792 0.025843936630109362
2 0.7141123999917726 0.2305934275403646 0.01786000620687914 0.03248952033499479
5 0.30270923376121783 0.32806198854534885 0.06728653501196355 0.02362874206181431
5 0.4061311301684952 0.3273235903559171 0.05233397167597175 0.02362874206181431
1 0.5242979154209868 0.32880038673478057 0.009553026575772491 0.017721556546360765
11 0.5357200124137573 0.6197292733708659 0.343908956727816 0.02805913119840449
11 0.5359276869045341 0.7615017257417515 0.344324305709373 0.18607634373678766
9 0.5967763127023921 0.9313289683828521 0.07310142075373825 0.02362874206181431
9 0.6750695957255721 0.9324365656669995 0.06687118603040815 0.024367140251246155
7 0.28588760000822694 0.6208325297268226 0.03862745528464579 0.025843936630109424
7 0.29481760311166655 0.6832271767338011 0.05482606556530367 0.026582334819541132
