9 0.8794831702098682 0.01916475580760504 0.019901861800205155 0.03439827965467571
9 0.9029784237239994 0.018673351812538246 0.018243373316854983 0.03538108764480931
9 0.8789303407154182 0.14201575457430402 0.019901861800205298 0.0343982796546757
9 0.9096123776574012 0.1415243505792372 0.020454691294655446 0.033415471664542104
9 0.9397415851049341 0.14201575457430402 0.01879620281130485 0.036363895634942904
2 0.9831387004192707 0.01769054382240465 0.019349032305755003 0.03341547166454212
3 0.9355953638965581 0.019656159802671835 0.020454691294655446 0.037346703625076486
4 0.9593670321579143 0.02014756379773863 0.019349032305755003 0.03636389563494289
9 0.06440463610344192 0.019164755807605037 0.06910368680626816 0.02457019975333979
9 0.11664702332898066 0.019656159802671835 0.032064110678108444 0.02555300774347339
9 0.15313376996269024 0.019656159802671835 0.0386980646115102 0.02555300774347339
9 0.1981893737603771 0.019656159802671835 0.04920182500606291 0.02555300774347339
9 0.24213931856916368 0.020638967792805427 0.03648674663370961 0.027518623723740566
9 0.02487732725025654 0.14103294658417043 0.021007520789105526 0.0343982796546757
2 0.32285242475888487 0.2255544337356593 0.019901861800205287 0.03439827965467587
8 0.13019134594300924 0.9189183408139786 0.10227345647327692 0.046191975536278844
9 0.1921082493214255 0.919901148804112 0.018243373316854772 0.03243266367440853
9 0.2454562955358645 0.9203925527991789 0.07297349326741923 0.033415471664542194
9 0.29880434175030357 0.9203925527991789 0.018243373316854772 0.033415471664542194
9 0.20979879314383015 0.792627514081812 0.12659795422908326 0.03144985568427515
9 0.6003728309728578 0.8004899780028808 0.018796202811304993 0.033415471664542194
9 0.6252501582231144 0.8009813819979477 0.018796202811304924 0.034398279654676005
9 0.6501274854733708 0.8009813819979477 0.018796202811304993 0.03243266367440839
9 0.6752812274708526 0.7999985740078139 0.018243373316854824 0.032432663674408675
9 0.699882139973884 0.8004899780028808 0.018796202811304983 0.033415471664542194
9 0.7247594672241405 0.8009813819979477 0.01879620281130485 0.03243266367440839
9 0.7496367944743971 0.8009813819979477 0.01879620281130485 0.030467047694141342
9 0.7753433659663291 0.7999985740078137 0.01934903230575529 0.03439827965467571
9 0.799115034227685 0.7999985740078139 0.01824337331685484 0.032432663674408675
12 0.5140625 0.274537037037037 0.14583333333333337 0.033333333333333354
12 0.6546875 0.27499999999999997 0.090625 0.028703703703703665
9 0.8312500000000003 0.018981481481481478 0.06458333333333328 0.03425925925925925
9 0.7830729166666669 0.019444444444444445 0.0203125 0.037037037037037035
6 0.10572916666666664 0.13935185185185184 0.12187499999999997 0.032407407407407385
