1 0.04088541666666667 0.36064814814814816 0.009895833333333335 0.018518518518518476
11 0.15677083333333333 0.3226851851851852 0.03854166666666666 0.031481481481481485
9 0.37760416666666663 0.5828703703703704 0.01875 0.03703703703703695
9 0.4354166666666666 0.5828703703703704 0.09375 0.033333333333333354
9 0.42526041666666664 0.6194444444444445 0.11302083333333329 0.032407407407407336
9 0.8794270833333334 0.018981481481481478 0.019270833333333428 0.03425925925925925
9 0.9036458333333335 0.018981481481481478 0.018749999999999857 0.03611111111111111
2 0.9838541666666668 0.018518518518518517 0.018749999999999857 0.03518518518518518
3 0.9359375000000001 0.018518518518518517 0.020833333333333145 0.03518518518518518
4 0.9596354166666667 0.018518518518518517 0.019270833333333428 0.037037037037037035
9 0.8794270833333334 0.1412037037037037 0.02239583333333357 0.03425925925925925
9 0.9098958333333336 0.14166666666666666 0.01875 0.03333333333333332
9 0.9398437500000001 0.1412037037037037 0.019270833333333428 0.032407407407407406
9 0.06432291666666666 0.019444444444444445 0.06822916666666666 0.025925925925925925
9 0.11692708333333332 0.01898148148148148 0.032812500000000015 0.025
9 0.15390625 0.019444444444444445 0.03802083333333336 0.025925925925925925
9 0.1984375 0.01990740740740741 0.04895833333333332 0.028703703703703703
9 0.24166666666666672 0.01944444444444444 0.036458333333333315 0.02777777777777777
9 0.02526041666666667 0.1412037037037037 0.0203125 0.03611111111111112
9 0.20859375 0.14120370370370364 0.06406250000000004 0.03611111111111112
9 0.28802083333333334 0.14166666666666666 0.07604166666666665 0.03333333333333332
9 0.3653645833333334 0.1412037037037037 0.05989583333333329 0.03425925925925925
9 0.44322916666666673 0.1412037037037037 0.07395833333333336 0.03425925925925925
9 0.53203125 0.14166666666666664 0.08385416666666691 0.035185185185185194
9 0.6049479166666667 0.1412037037037037 0.041145833333333284 0.03425925925925925
9 0.12291666666666667 0.6939814814814814 0.17604166666666668 0.03611111111111114
9 0.7833333333333333 0.018055555555555554 0.01875 0.03425925925925925
9 0.8309895833333333 0.018055555555555554 0.06302083333333343 0.03425925925925925
6 0.10572916666666664 0.1398148148148148 0.12187499999999997 0.03333333333333332
12 0.07135416666666666 0.22037037037037038 0.07395833333333333 0.027777777777777787
12 0.15104166666666669 0.2185185185185185 0.0458333333333333 0.022222222222222213
12 0.2385416666666667 0.21898148148148144 0.08437500000000003 0.02685185185185187
12 0.34088541666666666 0.21898148148148144 0.07447916666666668 0.028703703703703703
12 0.4385416666666667 0.21944444444444444 0.07395833333333336 0.027777777777777787
9 0.1859375 0.3236111111111111 0.013541666666666643 0.03240740740740754
7 0.0578125 0.32546296296296295 0.04375 0.02314814814814813
7 0.2875 0.36018518518518516 0.058333333333333355 0.022222222222222213
1 0.04140625 0.3972222222222222 0.010937499999999996 0.018518518518518476
1 0.04166666666666666 0.43472222222222223 0.01041666666666667 0.017592592592592667
1 0.04140624999999999 0.47052468900327327 0.009895833333333328 0.016975303932472475
7 0.09661458333333332 0.36111111111111116 0.08385416666666665 0.02037037037037031
7 0.12734375 0.39861111111111114 0.14427083333333332 0.02129629629629626
7 0.13463541666666667 0.43472222222222223 0.15989583333333332 0.021296296296296334
7 0.1359375 0.47237654085512515 0.16354166666666664 0.02438271133987989
7 0.07083333333333335 0.5837962962962963 0.07083333333333335 0.021296296296296334
7 0.06380208333333334 0.6208333333333332 0.05572916666666668 0.017592592592592594
11 0.25234375 0.5828703703703704 0.2296875 0.032407407407407475
11 0.2518229166666666 0.6194444444444445 0.22864583333333335 0.033333333333333215
