1 0.04157643305368861 0.6933844927666821 0.01005144535363902 0.017869236184247045
11 0.19417564887711716 0.5821078856193249 0.09960068577696832 0.032489520334994776
11 0.2659064179917227 0.5833262426318876 0.03837824589571264 0.033301758343369715
11 0.32301690295558066 0.5825140046235124 0.04660215573050817 0.0333017583433697
9 0.4312983824470555 0.4338744490909115 0.018275355188434612 0.03492623436011947
9 0.4518581570340445 0.4338744490909115 0.020102890707277898 0.03655071037686911
9 0.02512861338409752 0.14173553246141465 0.020102890707278012 0.03655071037686913
9 0.18640862292203245 0.14173553246141465 0.020102890707278012 0.03655071037686913
9 0.3490592840991001 0.14173553246141463 0.020102890707278012 0.03655071037686913
9 0.37967050403972785 0.14173553246141463 0.020102890707278012 0.03655071037686913
9 0.40936795622093414 0.14173553246141463 0.020102890707278012 0.03655071037686913
9 0.43952229228185125 0.1417355324614146 0.020102890707278012 0.03655071037686913
9 0.46967662834276813 0.14173553246141463 0.020102890707278012 0.03655071037686913
9 0.5418642813370858 0.14132941345722685 0.10416952457407659 0.0357384723684942
9 0.8114257703664944 0.14173553246141474 0.020102890707278012 0.03655071037686913
9 0.8415801064274114 0.14092329445303992 0.020102890707278012 0.03655071037686913
9 0.8717344424883278 0.14092329445303986 0.02101665846670067 0.03655071037686912
9 0.8790445845637013 0.01827535518843463 0.02101665846670067 0.03655071037686912
9 0.9361550695275589 0.13929881843629013 0.02832680054207553 0.03655071037686912
9 0.9028025463086661 0.0190875931968095 0.02101665846670067 0.03655071037686912
9 0.9018887785492443 0.14092329445303986 0.02101665846670067 0.03655071037686912
11 0.18092601636550218 0.619737600390025 0.07310142075373838 0.034113996351744676
6 0.10546875 0.1388888888888889 0.12239583333333331 0.032407407407407385
9 0.2674479166666666 0.14074074074074072 0.12239583333333329 0.035185185185185174
9 0.7830729166666666 0.019444444444444445 0.019270833333333286 0.037037037037037035
9 0.83125 0.019444444444444445 0.06354166666666657 0.037037037037037035
2 0.9835937500000003 0.018981481481481478 0.021354166666666716 0.03611111111111111
3 0.9359375000000003 0.01990740740740741 0.02083333333333343 0.036111111111111115
4 0.9593750000000003 0.01990740740740741 0.02083333333333343 0.036111111111111115
9 0.017966958569629723 0.4346298304386999 0.02156035028355567 0.036363895634942904
7 0.04173862683098597 0.43413842644363315 0.022666009272455954 0.021621775782939067
12 0.06744519832291773 0.5166942976148547 0.07739612922302035 0.02948423970400782
12 0.17690543822404653 0.5166942976148549 0.095086673045425 0.02751862372374049
12 0.2736505997528219 0.5171857016099216 0.05417729045611423 0.030467047694141415
12 0.37426556774274844 0.516202893619788 0.0995093090010262 0.026535815733606825
12 0.46437677533812205 0.5142372776395208 0.03759240562260985 0.030467047694141273
12 0.5497889322306695 0.5147286816345876 0.08900554860647347 0.03538108764480924
12 0.6327133563981914 0.5142372776395208 0.03151128118365833 0.026535815733606968
6 0.2623175951165939 0.43413842644363315 0.27696757671952277 0.033415471664542125
12 0.718954757532414 0.5147286816345875 0.09785082051767574 0.031449855684274934
1 0.04118579733653583 0.6567444362088914 0.011609419383453048 0.018673351812538073
1 0.041462212083760906 0.730455035468911 0.011056589889002906 0.018673351812538357
7 0.08347725366197195 0.7299636314738441 0.05859992641171543 0.01965615980267188
7 0.08209517992584658 0.694582543829035 0.05694143792836498 0.01965615980267188
7 0.08955837810092354 0.6587100521891588 0.0707621752896186 0.018673351812538073
7 0.06136407388396613 0.6218547525591491 0.05196597247831366 0.021621775782938998
7 0.0718678342785189 0.583525240943939 0.07297349326741917 0.025553007743473372
7 0.6385180660899178 0.5815596249636719 0.02321883876690606 0.021621775782938998
7 0.35740426816201887 0.5835252409439391 0.014926396350153866 0.02162177578293914
