2 0.8111367297183107 0.2281170113297602 0.016991549245445582 0.03423482514637871
9 0.5641928806845055 0.4912552751999658 0.01925708914483799 0.030207198658569467
9 0.5645704706677376 0.5231406515617892 0.01925708914483799 0.029535927577268025
9 0.5647592656593536 0.585233226582182 0.018879499161605865 0.02886465649596637
9 0.5643816756761205 0.6168948442097737 0.01887949916160584 0.02908841010880639
11 0.45608162915413275 0.8054101412490888 0.0320951485747301 0.02617957217076011
11 0.45645921913736487 0.8688452584320848 0.03209514857473003 0.028193385414665074
7 0.3005145560624998 0.8074239544929934 0.04795392787047913 0.02617957217076025
7 0.30032576107088377 0.8705234361353387 0.046821157920782744 0.024837030008157228
9 0.5984330528326415 0.8064170478710411 0.01925708914483799 0.029535927577267956
9 0.6186341169355598 0.8060814123303902 0.018879499161605934 0.028864656495966444
9 0.6392127710217104 0.8060814123303902 0.01925708914483799 0.028864656495966444
9 0.6592250401330126 0.8057457767897396 0.01850190917837381 0.03087846973987098
9 0.694907293548448 0.9215400383142558 0.05965921735067482 0.027522114333363278
9 0.7371973716704452 0.9215400383142558 0.020389859094534293 0.02752211433336317
9 0.7594751806811402 0.9215400383142548 0.020389859094534404 0.02752211433336325
9 0.7817529896918353 0.9215400383142558 0.020389859094534585 0.027522114333363278
9 0.8040307987025304 0.921540038314256 0.019634679128070046 0.028864656495966444
12 0.37735411765023597 0.16513268600017997 0.0800490764452092 0.028193385414664877
12 0.29636106624694597 0.16647522816278304 0.08042666642844117 0.025508301089458757
