9 0.064681050850667 0.019164755807605037 0.06855085731181802 0.02653581573360698
9 0.1171998528234308 0.019164755807605037 0.03316976966700871 0.02653581573360698
9 0.15396301420436548 0.019164755807605037 0.037039576128159765 0.02653581573360698
9 0.1981893737603771 0.018673351812538243 0.04920182500606291 0.025553007743473383
9 0.24241573331638874 0.019656159802671835 0.03703957612815973 0.02948423970400775
9 0.02487732725025654 0.14103294658417043 0.01879620281130494 0.0343982796546757
9 0.20869313415492985 0.1400501385940368 0.06468105085066696 0.03439827965467572
9 0.2883005813557508 0.1415243505792372 0.07463198175076964 0.035381087644809295
9 0.365420295831546 0.14054154258910362 0.05970558540061568 0.035381087644809295
9 0.4425400103073413 0.14103294658417043 0.07352632276186938 0.03636389563494289
9 0.5318219736610399 0.1415243505792372 0.0840300831564221 0.033415471664542104
9 0.6039662226867838 0.1415243505792372 0.041462212083760906 0.033415471664542104
9 0.8789303407154181 0.01916475580760504 0.021007520789105456 0.0363638956349429
9 0.9027020089767742 0.01916475580760504 0.019901861800205298 0.03439827965467571
9 0.878653925968193 0.14103294658417043 0.020454691294655446 0.0343982796546757
9 0.9087831334157259 0.14054154258910362 0.02100752078910574 0.035381087644809295
9 0.939465170357709 0.14103294658417043 0.02045469129465559 0.0343982796546757
2 0.9831387004192707 0.018673351812538243 0.02045469129465559 0.03341547166454212
3 0.9364246081382334 0.019656159802671838 0.021007520789105314 0.033415471664542125
4 0.9599198616523643 0.018673351812538246 0.02156035028355561 0.03538108764480931
11 0.24545629553586426 0.2496332294939321 0.07960744720082098 0.03341547166454212
11 0.24545629553586454 0.28599712512887515 0.07960744720082097 0.031449855684274865
11 0.24490346604141439 0.3243266367440853 0.08071310618972127 0.033415471664542125
11 0.24490346604141439 0.39705442801397095 0.08071310618972127 0.033415471664542125
11 0.24517988078863945 0.4712564312690572 0.07905461770637079 0.03243266367440853
11 0.24517988078863936 0.5090945388892004 0.0801602766952711 0.03144985568427493
11 0.18713278387137422 0.6201518417742963 0.1144357053511801 0.033415471664542194
11 0.14705264552373865 0.657007141404306 0.03316976966700871 0.03439827965467565
11 0.14677623077651358 0.6938624410343158 0.032616940172558576 0.03144985568427515
6 0.10546875 0.14027777777777778 0.12135416666666664 0.03333333333333334
7 0.04036458333333334 0.24861111111111112 0.03697916666666667 0.020370370370370382
7 0.07265625 0.28657407407407404 0.10260416666666668 0.02222222222222225
7 0.05078125 0.324537037037037 0.0546875 0.020370370370370382
7 0.04583333333333333 0.39537037037037037 0.05 0.021296296296296334
7 0.06015625 0.47222222222222227 0.07447916666666667 0.023148148148148168
7 0.08489583333333332 0.5087962962962963 0.12604166666666666 0.02407407407407412
7 0.32317708333333334 0.47083333333333344 0.07031250000000004 0.022222222222222213
7 0.36614583333333334 0.5097222222222224 0.15312500000000015 0.022222222222222286
7 0.0419270833333333 0.6208333333333335 0.0411458333333333 0.01851851851851857
7 0.05937499999999999 0.6587962962962963 0.07499999999999998 0.020370370370370382
7 0.0359375 0.6939814814814815 0.02604166666666666 0.020370370370370382
7 0.18125 0.6944444444444445 0.029166666666666678 0.021296296296296334
7 0.18567708333333333 0.6574074074074073 0.0390625 0.019444444444444427
7 0.3200520833333333 0.6208333333333332 0.14218749999999997 0.02037037037037024
7 0.0421875 0.8055555555555555 0.040625 0.021296296296296334
7 0.04661458333333334 0.8435185185185184 0.0484375 0.02129629629629619
7 0.1890625 0.8055555555555555 0.05729166666666668 0.023148148148148237
7 0.17630208333333333 0.8412037037037037 0.03385416666666662 0.02592592592592581
11 0.14661458333333335 0.8046296296296296 0.020312499999999983 0.03240740740740762
11 0.14713541666666666 0.8412037037037038 0.018229166666666678 0.033333333333333284
9 0.7833333333333334 0.019444444444444445 0.019791666666666714 0.037037037037037035
9 0.8307291666666667 0.018518518518518517 0.0625 0.03518518518518518
