1 0.2722433859641344 0.2784318662725378 0.009594561473928223 0.017667244613419
1 0.2722433859641344 0.31504665252534925 0.009594561473928223 0.017667244613419
1 0.27224338596413444 0.3522716852157077 0.010281088716168438 0.017667244613419
1 0.27224338596413444 0.3894967179060661 0.010281088716168438 0.017667244613419
1 0.27224338596413444 0.4267217505964245 0.010281088716168438 0.017667244613419
1 0.27224338596413444 0.463336536849236 0.010281088716168438 0.017667244613419
2 0.8235266494329437 0.041191634534412956 0.019909290024966237 0.034784046940170954
2 0.9824577060115537 0.019222762782726045 0.019909290024966237 0.034784046940170954
3 0.9361529664716592 0.01891763956395262 0.019222762782726048 0.03539429337771781
4 0.9598381563289471 0.018307393126405766 0.019909290024966095 0.03539429337771781
1 0.5959409806803962 0.2759908805223504 0.010281088716168438 0.017667244613419
1 0.5962842443015164 0.3138261596502556 0.010281088716168438 0.017667244613419
1 0.5962842443015164 0.34983069946552037 0.010281088716168438 0.017667244613419
1 0.5962842443015164 0.38766597859342555 0.010281088716168438 0.017667244613419
1 0.5959409806803962 0.4242807648462371 0.010281088716168438 0.017667244613419
1 0.5962842443015164 0.4608955510990487 0.010281088716168438 0.017667244613419
1 0.5962842443015164 0.4987308302269539 0.010281088716168438 0.017667244613419
1 0.5962842443015164 0.5359558629173123 0.010281088716168438 0.017667244613419
1 0.5962842443015164 0.572570649170124 0.010281088716168438 0.017667244613419
1 0.5962842443015164 0.6091854354229356 0.010281088716168438 0.017667244613419
1 0.5962842443015164 0.6464104681132937 0.010281088716168438 0.017667244613419
8 0.46014488411150495 0.9174133139000671 0.4520781890151827 0.04719238806641569
9 0.7108290662925776 0.9209286298847066 0.04573407635905724 0.0330580869408574
9 0.7497784170379289 0.9204818989801001 0.019097746171914162 0.03395154875006937
9 0.7744044581543446 0.9213753607893125 0.019097746171914162 0.03395154875006937
9 0.7995330715384422 0.9204818989801001 0.019097746171914162 0.03395154875006937
9 0.6668539928704073 0.7587653115126638 0.019097746171914155 0.03573847236849408
9 0.6457459576277654 0.7587653115126638 0.019097746171914155 0.03573847236849408
9 0.6256430669204873 0.7587653115126638 0.019097746171914155 0.03573847236849408
9 0.6055401762132092 0.7587653115126638 0.020102890707278057 0.03573847236849409
9 0.5715914195312937 0.3874550469122874 0.020454691294655193 0.034398279654675776
9 0.5715914195312931 0.4257845585274975 0.02045469129465519 0.03636389563494294
9 0.5715914195312929 0.49998656178258377 0.02045469129465519 0.03734670362507652
9 0.5715914195312929 0.5373332654076604 0.02045469129465519 0.03734670362507652
9 0.01851978806407987 0.24937052429851786 0.022666009272455958 0.035381087644809316
9 0.01851978806407987 0.28770003591372795 0.022666009272455958 0.035381087644809316
9 0.03814523511706002 0.28868284390386145 0.017690543822404658 0.035381087644809295
9 0.06108765913674106 0.28770003591372784 0.018243373316854796 0.03538108764480928
9 0.0862414011342227 0.28868284390386134 0.027641474722507296 0.03538108764480928
9 0.11250080212060462 0.287700035913728 0.01934903230575504 0.03538108764480928
9 0.13350832290971013 0.287700035913728 0.01934903230575504 0.03538108764480928
9 0.15341018470991538 0.287700035913728 0.01934903230575504 0.03538108764480928
9 0.19957144749650252 0.287700035913728 0.027641474722507223 0.03538108764480928
9 0.025153741997481643 0.1412616453838228 0.02156035028355562 0.03931231960534362
9 0.18602712488247394 0.1412616453838228 0.02156035028355562 0.03931231960534362
9 0.8723495442281552 0.14264982906468102 0.02156035028355562 0.03931231960534362
9 0.9021470539790181 0.1415687402755341 0.02156035028355562 0.03931231960534362
9 0.9362013508371476 0.140487651486387 0.028857699610296737 0.03931231960534359
9 0.9036186860932445 0.01965615980267181 0.02156035028355562 0.03931231960534362
9 0.8793367562085105 0.01965615980267181 0.02156035028355562 0.03931231960534362
7 0.3083533633064399 0.7603176562491195 0.05150712399791994 0.03091913936960309
7 0.30835336330644025 0.8352371093370039 0.048831429244781364 0.026162348697356067
11 0.46220581161191526 0.7579392609129967 0.032777260725949144 0.03091913936960254
11 0.4625402734560581 0.8316695163328188 0.03344618441423385 0.03329753470572598
