12 0.32552083333333337 0.33287037037037037 0.12187499999999997 0.02407407407407412
12 0.4799479166666664 0.33209876307734726 0.18593750000000053 0.02993826689543542
12 0.6158854166666665 0.33333333333333326 0.08489583333333335 0.02500000000000007
9 0.703125 0.33055555555555555 0.015625 0.025000000000000036
9 0.6567708333333334 0.3925925925925926 0.025000000000000144 0.028703703703703665
9 0.6565104166666668 0.4245370370370371 0.025520833333333427 0.027777777777777787
11 0.5317708333333333 0.39305555555555555 0.20937500000000006 0.027777777777777714
11 0.49114583333333345 0.4560185185185185 0.12812500000000007 0.027777777777777787
11 0.44348958333333327 0.5509259259259259 0.03177083333333336 0.026851851851851904
1 0.47968750000000004 0.55 0.008333333333333286 0.015740740740740763
7 0.5145833333333334 0.5509259259259259 0.05729166666666678 0.023148148148148168
7 0.3036458333333334 0.5509259259259258 0.07604166666666665 0.02129629629629626
7 0.28489583333333335 0.45555555555555555 0.03437499999999996 0.0194444444444445
7 0.29687500000000006 0.42546296296296293 0.060416666666666716 0.018518518518518476
7 0.30755208333333334 0.39305555555555555 0.07968749999999997 0.018518518518518476
11 0.4369791666666667 0.425 0.017708333333333357 0.023148148148148095
9 0.6570312500000002 0.4560185185185185 0.025520833333333427 0.02592592592592588
2 0.7018229166666665 0.28657407407407404 0.022395833333333285 0.03333333333333325
9 0.6520833333333335 0.6351851851851852 0.019791666666666857 0.028703703703703596
9 0.6744791666666667 0.6347222222222223 0.019791666666666572 0.027777777777777787
