1 0.26960421336183926 0.5764740184255829 0.009954645012483122 0.01769714668885872
1 0.26960421336183926 0.6503138373687528 0.009954645012483122 0.01769714668885872
1 0.26960421336183926 0.6136990511159414 0.009954645012483122 0.01769714668885872
1 0.26960421336183915 0.46510356262693847 0.009954645012483122 0.01769714668885872
1 0.26960421336183954 0.3537764560777817 0.009954645012483098 0.01769714668885929
9 0.7994953786183665 0.9243237847597134 0.018851485760749975 0.034594841252702416
9 0.018070888213085994 0.24918383593744273 0.018851485760749992 0.03351375246355535
9 0.018679000656981155 0.28702194355758603 0.018851485760749992 0.03351375246355535
9 0.038746711305521424 0.2870219435575861 0.01885148576074999 0.03351375246355534
9 0.06063875928574717 0.2870219435575861 0.01885148576074999 0.03351375246355534
9 0.08557136948544869 0.2870219435575864 0.026148835087491905 0.03351375246355534
9 0.1132404856826785 0.2875624879521602 0.01824337331685486 0.03243266367440848
9 0.13330819633121882 0.2875624879521603 0.01824337331685486 0.03243266367440848
9 0.15398401942365425 0.28648139916301335 0.01824337331685486 0.03243266367440848
9 0.19959245271579115 0.28648139916301346 0.027973172419177482 0.034594841252702284
9 0.024932610199701558 0.1416226313782506 0.02310827286801607 0.04108137398758414
9 0.18669052027581404 0.14162263137825054 0.02310827286801607 0.04108137398758414
9 0.8714251321017642 0.14162263137825054 0.02310827286801607 0.04108137398758414
9 0.9018307542965224 0.1405415425891036 0.02310827286801607 0.04108137398758414
9 0.9030469791843133 0.018919053810071643 0.023108272868016085 0.03783810762014329
9 0.8799387063162973 0.018919053810071643 0.023108272868016085 0.03783810762014329
9 0.9367972198204951 0.13783882061623617 0.02979750975086229 0.03783810762014326
2 0.8233438485804416 0.11496670171749035 0.02523659305993697 0.04486505432877672
2 0.982861152175333 0.01897440255140587 0.019350064603031784 0.03794880510281174
3 0.9359840030311563 0.018313644088149353 0.01913121748494163 0.03401105330656309
4 0.9595301168587771 0.018967702805583256 0.020602849599167996 0.032702935871695274
6 0.5716721630431055 0.3168706026196044 0.13087960207871482 0.03323926401999103
12 0.2895833333333334 0.21296296296296297 0.08125000000000003 0.024999999999999963
12 0.3942708333333334 0.2125 0.08541666666666664 0.02962962962962969
7 0.3684895833333334 0.35694444444444445 0.17135416666666675 0.025925925925925953
7 0.3403645833333334 0.4643518518518519 0.1171875 0.020370370370370452
7 0.32578125000000013 0.5745370370370371 0.08593750000000007 0.02407407407407412
7 0.3255208333333334 0.611574074074074 0.0875 0.02407407407407419
7 0.33359375000000013 0.6509259259259259 0.10156250000000007 0.02129629629629619
11 0.27343750000000006 0.7240740740740741 0.019791666666666714 0.03425925925925924
7 0.3489583333333334 0.7254629629629631 0.12812500000000004 0.027777777777777714
