1 0.5316620528639626 0.28157982252062325 0.010051445353638914 0.01876269799345956
1 0.5321646251316448 0.31821175669832985 0.010051445353639039 0.018762697993459553
1 0.5319133389978037 0.3557371526852488 0.010554017621321066 0.01876269799345941
1 0.5319133389978038 0.3928158177675616 0.012564306692048745 0.01965615980267181
1 0.5321646251316445 0.4298944828498743 0.01105658988900295 0.018762697993459553
1 0.5319133389978037 0.46652641702758096 0.010554017621321066 0.018762697993459546
1 0.5319133389978036 0.5036050821098935 0.010554017621320988 0.019656159802671845
1 0.5321646251316445 0.5406837471922064 0.01105658988900295 0.018762697993459546
1 0.5324159112654856 0.5773156813699131 0.011559162156684977 0.020549621611884134
9 0.5075385840152291 0.39370927957677393 0.02110803524264185 0.037525395986918966
9 0.5077898701490702 0.43168140646829906 0.021610607510323874 0.03305808694085712
9 0.5075385840152292 0.5053920057283183 0.023118324313369597 0.03573847236849417
9 0.5077898701490701 0.5429174017152374 0.022615752045687713 0.035738472368494104
1 0.2085080847444688 0.28426020794826035 0.011056589889002915 0.018762697993459518
1 0.2085080847444688 0.32089214212596695 0.011056589889002915 0.018762697993459494
1 0.20825679861062782 0.3570773453990674 0.011559162156684835 0.019656159802671738
1 0.20800551247678684 0.39504947229059245 0.010051445353639004 0.018762697993459584
1 0.07739612922302033 0.4736741115012798 0.012061734424366817 0.020549621611884065
1 0.07739612922302033 0.4986910421592258 0.012061734424366817 0.020549621611884207
9 0.018846460038073134 0.24941519738897847 0.02060546297495996 0.034845010559281846
9 0.025379899517938488 0.14175304937888955 0.020605462974959955 0.03573847236849421
2 0.7593866964674263 0.046906744983648684 0.021108035242641834 0.036631934177706583
9 0.8116542123063494 0.14116696585555222 0.021108035242641838 0.037525395986918966
9 0.8413059760995846 0.14116696585555222 0.022113179778005757 0.037525395986918945
9 0.8717115982943427 0.14161369676015842 0.0216106075103238 0.036631934177706604
9 0.9023685066229415 0.14116696585555222 0.022615752045687998 0.037525395986918966
9 0.9354194636028684 0.1393800422371276 0.028646619257869394 0.033951548750069546
9 0.8798852280240138 0.019656159802671835 0.023118324313369812 0.03752539598691895
9 0.9037574107389064 0.019209428898065654 0.01960031843959598 0.0366319341777066
2 0.9834151151664955 0.01965615980267183 0.020102890707278078 0.033951548750069525
3 0.9359220358705508 0.019656159802671835 0.02060546297495989 0.03752539598691895
4 0.9597942185854439 0.019209428898065654 0.020102890707278078 0.0366319341777066
9 0.541351646184871 0.763723085934933 0.02067582309243541 0.03459484125270237
9 0.5620274692773063 0.7642636303295066 0.018243373316854914 0.03783810762014312
9 0.5823992361477942 0.763723085934933 0.018851485760749968 0.038919196409290036
9 0.6030750592402296 0.7631825415403598 0.02006771064854028 0.03783810762014348
9 0.6465550989787335 0.9264859623380073 0.04621654573603216 0.030270486096114695
9 0.685474295388024 0.9270265067325809 0.019459598204645157 0.03351375246355559
9 0.7107109618096729 0.9264859623380073 0.018851485760749968 0.030270486096114695
9 0.7356435720093745 0.925945417943434 0.018851485760749825 0.031351574885261614
9 0.8206068290509279 0.6951329614605599 0.029189397306967776 0.032432663674408675
9 0.8546611259090569 0.6956735058551334 0.027973172419177246 0.03351375246355559
9 0.8966208845378231 0.6956735058551334 0.04378409596045131 0.03135157488526175
9 0.06780453749431033 0.6945924170659865 0.01885148576074995 0.03567593004184957
9 0.10246694679633445 0.6945924170659863 0.03952730885318538 0.03135157488526168
9 0.13864963720809645 0.6962140502497068 0.019459598204645125 0.034594841252702506
9 0.01793931709490722 0.6194567462202732 0.021283935536330602 0.03891919640929025
7 0.24375000000000008 0.838888888888889 0.04895833333333332 0.022222222222222286
7 0.2450520833333334 0.7648148148148146 0.05156249999999993 0.02037037037037024
11 0.39869791666666676 0.8384259259259259 0.032812500000000064 0.03240740740740743
11 0.39921875000000007 0.7648148148148146 0.032812499999999856 0.033333333333333284
12 0.21093750000000008 0.14166666666666666 0.03541666666666668 0.02222222222222225
12 0.27109375 0.14166666666666666 0.03697916666666668 0.02222222222222225
12 0.3304687500000001 0.14027777777777778 0.0359375 0.02500000000000002
9 0.8307291666666667 0.01944444444444444 0.0625 0.03333333333333333
