9 0.06421037952780999 0.019288805915402447 0.06936855406051495 0.027194054241387055
9 0.1168593333788675 0.018972595982363064 0.03237199189490699 0.026561634375308292
9 0.1533222912824715 0.01960501584844183 0.03770803451494663 0.02656163437530829
9 0.19814504929080423 0.01960501584844183 0.04909159210436442 0.02656163437530829
9 0.025079400314186165 0.140713420202526 0.019565489606811908 0.03604793236648984
9 0.2417227306877944 0.019605015848441834 0.03664082599093863 0.025296794643150756
9 0.20881713453088346 0.14102963013556544 0.06474398378981394 0.03288583303609597
9 0.28761269722013505 0.14134584006860482 0.07506033285522384 0.034783092634332276
9 0.3653410513853788 0.14039721026948668 0.05905220499510499 0.03415067276825351
9 0.4428915374632878 0.14071342020252608 0.07328165198187733 0.034783092634332304
9 0.53164771304328 0.14102963013556546 0.08430947339662588 0.034150672768253544
9 0.6042178926758188 0.1410296301355654 0.04162113243630907 0.03288583303609596
9 0.8790497006124354 0.017707756250205525 0.018498281082804057 0.03541551250041105
9 0.902350420053275 0.017707756250205528 0.019565489606811894 0.034150672768253516
9 0.8790497006124351 0.14102963013556546 0.020632698130819874 0.03541551250041106
9 0.9096430116339956 0.14102963013556546 0.020632698130819874 0.03541551250041106
9 0.938813377956879 0.14134584006860482 0.019921225781481127 0.03604793236648982
2 0.9827467955285385 0.018340176116284294 0.018854017257473144 0.035415512500411056
3 0.9363232247341938 0.01802396618324491 0.017786808733465307 0.03351825290217475
4 0.9596239441750336 0.018656386049323678 0.018854017257473144 0.03351825290217474
11 0.17042324067117498 0.3234827614992903 0.10743232475013086 0.033518252902174764
11 0.2109771645834761 0.3604793236648981 0.18854017257473288 0.03288583303609589
11 0.2109771645834761 0.3971596758974667 0.18854017257473288 0.03288583303609589
11 0.2113329007581454 0.4344724479961139 0.18854017257473288 0.03288583303609589
11 0.21097716458347612 0.4705203803626037 0.18854017257473288 0.03288583303609589
11 0.21097716458347615 0.5090979921934086 0.18854017257473288 0.03288583303609589
11 0.2116886369328148 0.5451459245598983 0.18854017257473288 0.03288583303609589
11 0.1295135805842046 0.5824586966585461 0.026324476925528764 0.034150672768253475
11 0.12631195501218084 0.6940808030214488 0.019209753432142575 0.03478309263433232
11 0.1738027343305334 0.7313935751200961 0.1141913120688477 0.033518252902174764
11 0.1741584705052027 0.7677577174196253 0.11347983971950909 0.03288583303609613
11 0.17398060241786806 0.8044380696521938 0.1138355758941784 0.03288583303609599
11 0.4245711244678184 0.693276364951797 0.12770928670628137 0.032885833036096
11 0.42439325638048375 0.7312215569165232 0.12806502288095067 0.034150672768253544
11 0.42439325638048375 0.7675856992160525 0.12806502288095067 0.03225341317001721
11 0.41123101791771943 0.8045822613816604 0.10031760125674474 0.031620993303938576
11 0.4446702183366342 0.3603073054613255 0.0732816519818774 0.03351825290217485
11 0.44467021833663317 0.43398421985950236 0.07399312433121633 0.03288583303609657
11 0.44484808642396884 0.47129699195814934 0.07292591580720803 0.03162099330393844
11 0.4444923502492997 0.5835515181871308 0.0729259158072081 0.033518252902174764
9 0.7833333333333334 0.018518518518518517 0.019791666666666714 0.03518518518518518
9 0.8307291666666665 0.018518518518518517 0.06354166666666672 0.03518518518518518
6 0.10520833333333332 0.13935185185185184 0.121875 0.032407407407407406
7 0.03567708333333333 0.2111111111111111 0.04114583333333333 0.020370370370370382
11 0.1671875 0.2125 0.1135416666666667 0.034259259259259274
7 0.03333333333333333 0.32407407407407407 0.021874999999999995 0.02037037037037031
7 0.03697916666666667 0.36111111111111116 0.03020833333333334 0.02037037037037031
7 0.0453125 0.3976851851851852 0.04895833333333334 0.023148148148148168
7 0.03802083333333334 0.43564814814814823 0.03020833333333333 0.02129629629629626
7 0.03619791666666666 0.4726851851851852 0.02864583333333333 0.021296296296296334
7 0.04010416666666666 0.5092592592592592 0.03437499999999999 0.02037037037037031
7 0.05416666666666666 0.5458333333333333 0.06249999999999999 0.023148148148148025
7 0.04192708333333333 0.5842592592592593 0.03906249999999999 0.022222222222222213
7 0.3505208333333333 0.36157407407407405 0.058333333333333355 0.019444444444444427
7 0.3421875 0.43657407407407406 0.042708333333333355 0.021296296296296334
7 0.34921875 0.4717592592592592 0.0578125 0.021296296296296403
7 0.3369791666666667 0.5837962962962964 0.034374999999999926 0.023148148148148025
7 0.04713541666666668 0.6953703703703702 0.04947916666666668 0.020370370370370382
7 0.05260416666666668 0.7319444444444444 0.06250000000000001 0.023148148148148095
7 0.05260416666666666 0.7680555555555554 0.06041666666666666 0.02129629629629605
7 0.0421875 0.8046296296296296 0.03854166666666666 0.022222222222222286
7 0.28515625000000006 0.6944444444444444 0.0671875 0.020370370370370382
7 0.29036458333333337 0.7319444444444443 0.07447916666666671 0.019444444444444427
7 0.29010416666666666 0.7680555555555557 0.07604166666666667 0.019444444444444427
7 0.2739583333333333 0.8050925925925924 0.04375 0.017592592592592524
