1 0.548388156351196 0.585393757562296 0.010383724538883289 0.016983158356929023
11 0.5589795553808569 0.47500322824225705 0.12709678835593125 0.03248952033499485
11 0.5112144225019938 0.5850245584675802 0.03239722056131583 0.03248952033499464
11 0.5996837555732794 0.40079421020437117 0.2076744907776652 0.03322791852442659
9 0.7244961245306561 0.39968661292022367 0.025336287874875296 0.03396631671385805
9 0.7251191480029892 0.438083318770672 0.026582334819541132 0.03396631671385819
9 0.7242884500398784 0.47611082552640455 0.02658233481954099 0.033227918524426414
2 0.7778684686605161 0.23797740943468157 0.019936751114655784 0.0354431130927215
2 0.983178366247009 0.01845995473579248 0.01869070416998994 0.035443113092721565
3 0.9362439313312566 0.020305950209371725 0.020352100096211388 0.03765830766101665
4 0.9597111487891329 0.019198352925224177 0.019936751114655777 0.03396631671385816
9 0.9026006638252747 0.01882915383050833 0.019521402133100735 0.034704714903289864
9 0.8793411208581762 0.019936751114655874 0.0220134960224324 0.03544311309272156
9 0.9356209078589237 0.13992645689730698 0.027413032782651784 0.033227918524426484
9 0.9026006638252747 0.1417724523708862 0.020352100096211388 0.035443113092721565
9 0.8714494902086247 0.14103405418145448 0.022013496022432563 0.03544311309272151
9 0.8415443635366412 0.14140325327617037 0.02201349602243255 0.03618151128215327
9 0.8110162133923238 0.14066485508673857 0.022428845003986918 0.03470471490328984
9 0.551838448901798 0.14140325327617026 0.10383724538883263 0.03470471490328964
9 0.47998307509272586 0.1410340541814545 0.01993675111465592 0.03248952033499474
9 0.44987027392996437 0.14140325327617034 0.022013496022432525 0.03765830766101666
9 0.4143579360069836 0.14029565599202282 0.03156652259820518 0.033966316713858156
9 0.3794686215563358 0.14140325327617037 0.02076744907776663 0.0347047149032899
9 0.34852512243046363 0.1410340541814545 0.021182798059321824 0.035443113092721565
9 0.26753207102717413 0.1410340541814545 0.12252794955882244 0.03544311309272158
9 0.18591599615155172 0.14251085056031793 0.01993675111465585 0.035443113092721565
1 0.2922453354297164 0.21228947946161345 0.009968375557327925 0.016983158356929037
11 0.21499042486042483 0.2130278776510452 0.07310142075373814 0.031751122145563075
9 0.025336287874875175 0.1417724523708862 0.019936751114655878 0.035443113092721565
9 0.018483029679212216 0.24884018983848258 0.01952140213310054 0.03691990947158491
9 0.017652331716101553 0.2879752938783626 0.018690704169989882 0.035443113092721565
9 0.038627455284645756 0.2883444929730785 0.01661395926221324 0.031751122145563
9 0.06105630028863361 0.2872368956889309 0.017444657225323894 0.032489520334994776
9 0.08576956469117579 0.2872368956889309 0.026997683801096493 0.03396631671385812
9 0.11297492298304994 0.2868676965942149 0.0182753551884346 0.031751122145563075
9 0.1337423720608165 0.2872368956889309 0.018275355188434546 0.03396631671385812
9 0.15388679766625002 0.2872368956889309 0.018690704169989872 0.03396631671385812
9 0.19895216216500342 0.2876060947836468 0.027413032782651853 0.034704714903289864
9 0.23155705721709696 0.2879752938783625 0.02782838176420714 0.032489520334994894
8 0.5117099452761645 0.7115697200045026 0.4053806059980039 0.05661053161211973
9 0.43113224285443313 0.8417739359521369 0.01993675111465582 0.03544311309272162
9 0.4518996919321994 0.8417739359521369 0.019106053151544827 0.03544311309272162
9 0.01786000620687922 0.8410355377627053 0.019936751114655874 0.036919909471585015
9 0.7284374395492168 0.7115605518585926 0.020736634336824836 0.03329753470572598
9 0.7525186923274652 0.7115605518585926 0.02073663433682512 0.03329753470572598
9 0.287971647806553 0.2882061820286465 0.018060939583686226 0.03567593004184939
9 0.48425983633251485 0.43703014301265497 0.020067710648540356 0.0344867323737877
6 0.26171875000000006 0.8425925925925926 0.27760416666666665 0.03425925925925924
7 0.04114583333333332 0.8421296296296297 0.021875000000000006 0.017592592592592445
7 0.37838541666666664 0.586574074074074 0.0890625 0.023148148148148168
7 0.5934895833333333 0.5856481481481481 0.06302083333333329 0.021296296296296403
11 0.5057291666666667 0.4370370370370371 0.018750000000000072 0.031481481481481596
7 0.3557291666666669 0.475 0.0416666666666668 0.022222222222222345
7 0.36901041666666673 0.43796296296296305 0.06927083333333335 0.022222222222222213
7 0.3828125 0.40138888888888885 0.09791666666666671 0.02129629629629626
12 0.6127604166666674 0.3344135802101211 0.22864583333333185 0.02808641967950041
6 0.10572916666666667 0.14027777777777778 0.12187499999999997 0.0324074074074074
6 0.10651041666666666 0.21203703703703702 0.14114583333333333 0.033333333333333354
7 0.04973958333333333 0.2504629629629629 0.039062499999999986 0.01759259259259264
9 0.02057291666666667 0.21157407407407405 0.025520833333333336 0.03240740740740744
9 0.7832079137513756 0.01837850941549817 0.020067710648540214 0.03459484125270244
9 0.8315528530410409 0.01837850941549817 0.06324369416509654 0.03459484125270244
