11 0.4806849486601555 0.2865667696246209 0.12091472577009768 0.02713081225477918
9 0.547990232907589 0.2865667696246209 0.01213060355622341 0.025739488549405963
11 0.4331408089156025 0.31787155299551995 0.025826446280991674 0.02573948854940589
7 0.3220088279489108 0.28761026240365084 0.061826947157525645 0.022261179285972616
7 0.32963936889556744 0.3182193839218633 0.075522789882294 0.02226117928597258
10 0.31105215376909606 0.4114380721818738 0.01173929376408715 0.01947853187522611
10 0.31105215376909606 0.4427428555527729 0.01173929376408715 0.020869855580599363
7 0.3400090783871778 0.4117859031082171 0.043044077134986126 0.021565517433286063
7 0.3282697846230906 0.44482984111083285 0.019565489606811825 0.020869855580599436
11 0.45055409466566504 0.44378634833180286 0.059087778612571994 0.027130812254779285
11 0.5790993613824194 0.4430906864791162 0.060261707988980714 0.027130812254779216
7 0.5065113949411473 0.4451776720371761 0.009782744803405876 0.024348164844032637
7 0.32748716503881814 0.5714402982998024 0.043044077134986196 0.020869855580599294
6 0.5151202103681443 0.5697011436680858 0.18900262960180306 0.027130812254779143
9 0.6428828575006261 0.6542240587695133 0.020348109191084377 0.029217797812839095
9 0.6955140245429503 0.65387622784317 0.08100112697220141 0.028522135960152538
9 0.7714281242173806 0.6538762278431699 0.019956799398948136 0.027130812254779216
2 0.7778847357876285 0.24413139661073552 0.01878287002253941 0.034087430781645583
