5 0.3992187500000001 0.4481481481481481 0.09947916666666665 0.017592592592592594
5 0.1776041666666667 0.5347222222222222 0.07187500000000004 0.020370370370370382
5 0.2846354166666667 0.5564814814814816 0.1494791666666667 0.019444444444444358
5 0.2716145833333334 0.5935185185185184 0.09843749999999997 0.0194444444444445
9 0.2270833333333334 0.36203703703703694 0.016666666666666642 0.02500000000000007
9 0.13515625000000003 0.36203703703703694 0.017187500000000053 0.023148148148148168
9 0.09947916666666672 0.3625 0.01666666666666666 0.02407407407407412
9 0.15468750000000006 0.36342592592592593 0.015625000000000017 0.022222222222222213
9 0.17291666666666672 0.36203703703703694 0.016666666666666642 0.02500000000000007
9 0.20911458333333338 0.3634259259259259 0.0171875 0.025925925925925953
9 0.28203125 0.36296296296296293 0.016145833333333356 0.023148148148148168
9 0.2453125 0.36157407407407405 0.015625000000000035 0.022222222222222286
2 0.8817708333333333 0.3324074074074072 0.017708333333333746 0.03425925925925917
3 0.8515625 0.33287037037037037 0.013541666666666856 0.03518518518518512
4 0.8651041666666667 0.33240740740740743 0.0125 0.03240740740740737
