2 0.7224171263546546 0.15637949335010645 0.022074481713394364 0.03924352304603431
2 0.9826284410973932 0.019621761523017155 0.022074481713394364 0.03924352304603431
3 0.9351144022363865 0.019027162688986337 0.02274340540167884 0.038054325377972674
4 0.9595605224809721 0.01945959820464512 0.020067710648540103 0.03675701883099634
9 0.4497118795059042 0.46599904205625314 0.019566026403846096 0.03539429337771779
9 0.4498835113164642 0.503529197965385 0.020595817267206513 0.0335635540650771
9 0.47648644195327267 0.3305243329208505 0.018879499161605934 0.032953307627530404
9 0.018192971919365725 0.2490564335083448 0.019909290024966268 0.03478404694017094
9 0.017849708298245615 0.2871968358550234 0.019222762782726045 0.03539429337771782
9 0.03827389375489205 0.28719683585502354 0.018879499161605945 0.03661478625281152
9 0.061444188180499335 0.28719683585502354 0.018536235540485845 0.037835279127905214
9 0.085815905280027 0.28719683585502354 0.028834144174089058 0.037835279127905214
9 0.11344862678019574 0.28750195907379683 0.018879499161605955 0.03478404694017076
9 0.13370118042628207 0.2875019590737969 0.018879499161605945 0.036004539815264636
9 0.15412536588292852 0.2871968358550234 0.019909290024966282 0.03539429337771782
9 0.8114752003279355 0.14096692707332437 0.021282344509446743 0.03905577200299895
9 0.8420256626076252 0.14096692707332437 0.021282344509446743 0.03905577200299895
9 0.8718895976450747 0.1403566806357775 0.021282344509446743 0.03905577200299895
9 0.9020967963036444 0.1415771735108712 0.021282344509446743 0.03905577200299895
9 0.9364231584156554 0.1385259413231369 0.028834144174089117 0.03905577200299894
9 0.9031265871670048 0.01983300922027291 0.02128234450944674 0.03722503269035838
9 0.8794413973097174 0.01861251634517919 0.02128234450944674 0.03722503269035838
9 0.5244791666666667 0.8356481481481483 0.01979166666666664 0.03611111111111114
9 0.1989583333333334 0.33055555555555555 0.01875 0.03333333333333332
9 0.2216145833333334 0.33055555555555555 0.018229166666666713 0.03518518518518523
9 0.24166666666666675 0.3300925925925926 0.018750000000000072 0.034259259259259274
9 0.26223958333333336 0.3300925925925926 0.01927083333333336 0.03611111111111111
9 0.28255208333333337 0.33009259259259255 0.01927083333333332 0.037962962962962976
7 0.22916666666666663 0.2833333333333334 0.08229166666666668 0.03333333333333332
7 0.5057291666666667 0.2861111111111111 0.08020833333333342 0.02962962962962962
