9 0.007291666666666666 0.044444444444444446 0.0125 0.02037037037037037
9 0.04244791666666666 0.043055555555555555 0.016145833333333335 0.025
9 0.06041666666666668 0.043055555555555555 0.01562500000000001 0.025
9 0.07864583333333335 0.04351851851851851 0.01562500000000001 0.022222222222222223
9 0.1328125 0.04351851851851851 0.015625 0.022222222222222223
9 0.15156250000000002 0.04351851851851851 0.015625 0.024074074074074074
9 0.18828125 0.0425925925925926 0.016145833333333356 0.024074074074074074
2 0.9924479166666668 0.014506170484754772 0.015104166666666571 0.029012340969509543
3 0.9611979166666675 0.015277777777777774 0.01302083333333392 0.030555555555555548
4 0.9763020833333336 0.014814814814814814 0.015104166666666571 0.029629629629629627
