1 0.2690281983738578 0.28936476593007937 0.008897431773375463 0.015817656486000788
1 0.26902819837385783 0.38372526841553223 0.010124663742116909 0.016908529347104278
1 0.2687213903816724 0.4783584891162609 0.00889743177337543 0.016363092916552517
1 0.2687213903816724 0.5089029292271589 0.008283815789004762 0.016363092916552448
1 0.26887479437776507 0.5410836786297122 0.0092042397655608 0.016363092916552448
1 0.2690281983738578 0.6987148070591681 0.009511047757746133 0.01745396577765618
1 0.2688747943777651 0.7300774018158939 0.010431471734302278 0.016908529347104205
1 0.26856798638557977 0.8247106225166226 0.009817855749931539 0.01745396577765604
6 0.5725782201788872 0.25847624032710537 0.13044011921551213 0.028540744033479403
9 0.7886201145020424 0.9084317795592531 0.0214055580251096 0.02616234869735635
2 0.8167149094099989 0.1211829233024435 0.01872986327197097 0.033297534705726085
12 0.2972956654569479 0.1652984758605688 0.08361546103558445 0.028540744033479514
12 0.37856989358353593 0.16589307469459963 0.07759514784102242 0.024973151029294535
11 0.27421779821112646 0.6041124153753163 0.020067710648540297 0.02616234869735622
