12 0.32535613698052224 0.3316136838365152 0.12413535011744177 0.027697316085583026
12 0.4809022538280857 0.3329538765503337 0.18494659450695772 0.025016930657945982
12 0.6150890492991665 0.3329538765503337 0.08242185189983985 0.02501693065794598
2 0.7022853377419842 0.28694059337589733 0.017590029368868422 0.03127116332243254
9 0.7025366238758259 0.33072022202730283 0.017087457101186202 0.02948423970400775
11 0.5316620528639627 0.3928158177675616 0.20806491882032738 0.02859077789479535
11 0.5316620528639627 0.42408698108999404 0.20806491882032738 0.0268038542763707
11 0.43692718040591516 0.4553581444124265 0.019600318439596122 0.025016930657945906
11 0.43667589427207415 0.48662930773485896 0.019097746171914166 0.026803854276370557
11 0.497989710929272 0.5183472019618977 0.14072023495094604 0.025910392467158302
11 0.5311594805962808 0.5491716343797239 0.20907006335569128 0.026803854276370557
11 0.4635635105930585 0.5813362595113687 0.0728729788138827 0.02501693065794598
11 0.44346061988578056 0.6443253170608397 0.032667197399326754 0.027697316085582954
1 0.47989710929272195 0.64432531706084 0.010051445353639039 0.01697577437503476
7 0.5143233096289355 0.6456655097746582 0.05578552171269649 0.02144308342109653
9 0.6565512613829274 0.39236908686295535 0.025631185651779447 0.02948423970400775
9 0.6565512613829274 0.4245337119946002 0.025631185651779447 0.027697316085583096
9 0.6570538336506094 0.4553581444124265 0.025631185651779447 0.02859077789479535
9 0.6568025475167684 0.48796950044867743 0.02512861338409749 0.027697316085582954
9 0.6570538336506094 0.5183472019618975 0.025631185651779447 0.027697316085583026
9 0.6568025475167684 0.5500650961889362 0.02512861338409749 0.026803854276370557
9 0.6575564059182912 0.5813362595113687 0.02563118565177959 0.02859077789479535
7 0.28866836143973984 0.39370927957677393 0.04874950996514912 0.02501693065794598
7 0.307012249210131 0.4254271738038126 0.08342699643520372 0.025910392467158375
7 0.2959556593211281 0.4558048753170327 0.0613138166571979 0.025910392467158233
7 0.29444794251808226 0.4884162313532836 0.05829838305110623 0.025016930657945906
7 0.29168379504583153 0.5192406637711099 0.05277008810660476 0.02412346884873365
7 0.3100276828162227 0.5509585579981486 0.08744757457665933 0.02501693065794598
7 0.29746337612417395 0.5813362595113688 0.06231896119256184 0.025016930657945906
9 0.6517768248399488 0.7287574580314075 0.02110803524264185 0.026803854276370772
9 0.6743925768856366 0.7287574580314075 0.020102890707277936 0.026803854276370772
9 0.015077168030458507 0.6475293162657256 0.01909774617191411 0.027697316085582954
7 0.03668777554078237 0.6470825853611194 0.021108035242641904 0.02144308342109653
2 0.9904511269140428 0.019656159802671835 0.013066878959730702 0.023230007039521258
3 0.9607993631208077 0.022336545230308903 0.01206173442436679 0.025016930657945968
4 0.9763791034189482 0.019656159802671835 0.01306687895973056 0.023230007039521258
