9 0.01600812786011883 0.07209586473297962 0.016363864034788136 0.03162099330393844
9 0.178223823509323 0.07177965479994029 0.01920975343214259 0.030988573437859705
6 0.08911191175466153 0.06861755546954643 0.11347983971950909 0.029723733705702148
9 0.2049040366095211 0.07146344486690087 0.017075336384126737 0.030356153571780908
9 0.2250031304783369 0.07272828459905843 0.016008127860118824 0.030356153571780942
9 0.24545796052182198 0.07241207466601889 0.01636386403478784 0.030988573437859587
9 0.29241513557817067 0.07241207466601901 0.017075336384126803 0.032253413170017155
9 0.42706127769050356 0.07241207466601902 0.01814254490813461 0.029723733705702148
9 0.4469825034719848 0.07146344486690087 0.017431072558796147 0.030356153571780908
9 0.4734848484848482 0.07146344486690087 0.017786808733465376 0.030356153571780908
9 0.49411754661566804 0.07146344486690087 0.01707533638412663 0.030356153571780908
2 0.9909287275459323 0.019921225781481214 0.011027821414748616 0.020869855580599363
3 0.960869020786376 0.022767115178835676 0.013517974637433667 0.02656163437530829
4 0.9765214124718256 0.020237435714520604 0.014229446986772275 0.02403195491099322
9 0.01956548960681191 0.11288694609506023 0.02347858752817429 0.027194054241387065
9 0.1764451426359765 0.15873738638577095 0.01636386403478813 0.031620993303938416
9 0.19939012590214683 0.15684012678753464 0.014585183161441648 0.03162099330393844
9 0.2219793729936478 0.15905359631881033 0.01636386403478813 0.029723733705702103
9 0.2499046627051885 0.16031843605096788 0.01600812786011879 0.028458893973544567
9 0.2735611183206974 0.1593698062518497 0.017786808733465376 0.03035615357178088
9 0.2968618377615371 0.15842117645273157 0.01600812786011879 0.028458893973544584
9 0.3489771873505906 0.1600022261179285 0.08466520957129518 0.02909131383962336
9 0.4605004781094186 0.16010762782061472 0.09427008628736644 0.025507598048523247
9 0.5830515902829954 0.15947520795453593 0.10529790770211404 0.022977918584208126
1 0.2881719144867157 0.20711750614079677 0.00853766819206342 0.014545656919811698
11 0.21168863693281462 0.20680129620775742 0.07328165198187733 0.027826474107465842
7 0.3390421874644267 0.20711750614079677 0.08893404366732685 0.020869855580599398
6 0.10280775447942986 0.20680129620775736 0.14158299751838435 0.029091313839623326
9 0.01832041299546933 0.20774992600687553 0.026680213100198052 0.029723733705702138
9 0.01547452359811487 0.23937091931081406 0.018854017257473293 0.028458893973544584
9 0.014585183161441605 0.2697270728825949 0.0192097534321426 0.02845889397354462
9 0.0522932176763882 0.2700432828156343 0.01565239168544954 0.024031954910993178
9 0.07630540946656644 0.27035949274867366 0.016008127860118862 0.023399535044914436
9 0.09693810759738629 0.27067570268171304 0.020988434305489145 0.02403195491099325
9 0.12361832069758433 0.2697270728825949 0.01671960020945743 0.024664374777071955
9 0.14176086560571902 0.2703594927486737 0.016008127860118862 0.024664374777071993
9 0.16043701477585767 0.2706757026817131 0.016363864034788164 0.02529679464315077
9 0.19885652164014286 0.2700432828156343 0.020632698130819804 0.024031954910993178
9 0.22784901987569142 0.2700432828156342 0.02169990665482775 0.024031954910993143
9 0.25150547549120034 0.2703594927486737 0.02063269813081984 0.024664374777071993
9 0.2781856885913984 0.2700432828156342 0.016363864034788164 0.024031954910993143
9 0.29917412289688755 0.27067570268171304 0.020632698130819804 0.02403195491099325
9 0.3222969742503925 0.2703594927486737 0.021344170480158412 0.024664374777071993
9 0.34559769369123217 0.2700432828156342 0.020988434305489106 0.024031954910993143
9 0.37227790679143025 0.27035949274867366 0.016008127860118862 0.0233995350449144
9 0.3961122304942738 0.2697270728825949 0.016719600209457466 0.023399535044914436
9 0.4144326434897431 0.2700432828156343 0.01565239168544956 0.024031954910993178
9 0.43275305648521245 0.2703594927486737 0.016008127860118862 0.024664374777071993
9 0.4868249550349472 0.2703594927486737 0.07577180520456253 0.024664374777071993
9 0.5352050747899729 0.2700432828156343 0.016008127860118862 0.024031954910993178
9 0.553169751610773 0.2700432828156342 0.01707533638412684 0.02656163437530829
7 0.04393341757165947 0.23778986964561707 0.030949047196229748 0.018972595982363102
9 0.015118787423445565 0.5530511728858833 0.019565489606811908 0.029723733705702103
7 0.036818694078273324 0.5524187530198046 0.019565489606811915 0.018340176116284256
6 0.25862019898458666 0.5531565761717665 0.2774742162420594 0.027404860813153086
9 0.42795061812717683 0.5527349629528439 0.018498281082804057 0.02909131383962347
9 0.4482275800833274 0.5536835927519622 0.019209753432142592 0.02972373370570216
12 0.07168083919586545 0.5878342655202157 0.07932916695125555 0.024664374777071955
12 0.1559903125924913 0.5868856357210974 0.08644389044464168 0.02529679464315073
12 0.22873836031236472 0.5868856357210974 0.05762926029642781 0.025296794643150804
12 0.30290935273091535 0.5872018456541368 0.08928977984199622 0.02592921450922958
12 0.37103283018008765 0.5865694257880579 0.04482275800833278 0.024664374777071955
12 0.435065341620563 0.5872018456541368 0.08110784782460215 0.023399535044914474
12 0.49731917218769184 0.5875180555871762 0.040553923912301004 0.02403195491099332
12 0.5631303645015137 0.586569425788058 0.08893404366732696 0.029723733705702103
9 0.6887052341597791 0.6472817329316198 0.1757336702866378 0.029723733705702172
6 0.29294873984017467 0.6472817329316198 0.2216236368189785 0.027194054241387065
11 0.3196289529403727 0.7102075096064573 0.2764070077180521 0.0265616343753082
11 0.4311522436992006 0.7421447128434352 0.05264895385105753 0.027194054241387135
11 0.2924151355781708 0.7415122929773565 0.22269084534298642 0.027194054241387256
11 0.3198068210277071 0.7735548995002174 0.2767627438927219 0.028037280679231738
11 0.21824414315962012 0.804438069652194 0.07292591580720803 0.026561634375308358
11 0.3941556815335916 0.8051758928041557 0.2760512715433846 0.028037280679231683
11 0.3198068210277073 0.6785865163025229 0.2767627438927219 0.027826474107465738
7 0.25043826696719246 0.8379563225543686 0.037708034514946615 0.018972595982363033
11 0.19423195136944188 0.8363752728891717 0.025613004576190156 0.027194054241386992
7 0.05656205177241988 0.8382725324874081 0.034862145117592114 0.023399535044914332
7 0.07523820094255852 0.8066515391834695 0.0722144434578694 0.023399535044914474
7 0.054249766637069395 0.7743981260134524 0.030237574846891126 0.024664374777072028
7 0.08555455000796845 0.7430933426425534 0.09142419689001204 0.025296794643150947
7 0.05336042620039612 0.678586516302519 0.027035949274867358 0.02276711517883555
7 0.0499809325410377 0.6488627825968167 0.021699906654827742 0.022767115178835624
7 0.6188859827815039 0.7750745182209761 0.03952730885318544 0.024865042150379678
7 0.6222306012229272 0.8075071818953846 0.04135164618487082 0.022702864572085844
7 0.6170616454498183 0.8372371235969257 0.032229959526443606 0.025946130939527023
11 0.7119271866974632 0.7741328335177756 0.07358160571131435 0.026748411556780052
11 0.7121528281210658 0.804804459922517 0.07313032286410949 0.02594613093952687
11 0.7122312429194109 0.8356154904132055 0.07297349326741909 0.027027219728673658
1 0.755235594625407 0.8366965792023524 0.010602760368992836 0.016216331837204338
7 0.7790844043487059 0.8356154904132055 0.034132711656474135 0.02054068699379216
