9 0.016032055339054215 0.07027077129455181 0.01879620281130494 0.03832951161521007
6 0.0890055486064734 0.06830515531428462 0.11498853484563024 0.026535815733606975
9 0.2050997424410039 0.07272779126988578 0.016584884833504388 0.03341547166454212
9 0.22555443373565928 0.07272779126988578 0.016584884833504426 0.03144985568427492
9 0.24517988078863948 0.07272779126988577 0.01824337331685485 0.029484239704007754
9 0.4265079549682872 0.0712535792846854 0.018243373316854772 0.030467047694141353
9 0.4480683052518428 0.0717449832797522 0.01603205533905424 0.03144985568427495
9 0.4737748767437745 0.0712535792846854 0.018796202811304924 0.032432663674408536
9 0.494505982785655 0.07223638727481899 0.017137714327954683 0.03636389563494289
9 0.46188904261309643 0.16118051038190906 0.09895647950657598 0.0314498556842749
9 0.34828258150359154 0.15823208641150827 0.08403008315642208 0.033415471664542125
9 0.2965930237725029 0.1562664704312411 0.016032055339054205 0.031449855684274934
9 0.27337418500559685 0.15823208641150827 0.018243373316854807 0.031449855684274955
9 0.24849685775534033 0.15823208641150827 0.020454691294655446 0.031449855684274955
6 0.26895154904999574 0.28943695309434275 0.10780175141777835 0.024570199753339742
9 0.5826822871504531 0.15921489440164183 0.10724892192332824 0.033415471664542104
2 0.9908783133415724 0.01916475580760503 0.011609419383453052 0.028501431713874145
3 0.9610255206412647 0.022604583773072607 0.01160941938345303 0.023587391763206192
4 0.9759519169914185 0.01965615980267183 0.013820737361253492 0.027518623723740566
9 0.17849537124708398 0.0712535792846854 0.019901861800205225 0.0343982796546757
9 0.292654661851039 0.07272779126988578 0.016032055339054167 0.03341547166454212
9 0.22272173080309565 0.15970629839670866 0.015479225844604087 0.03636389563494287
9 0.19922647728896442 0.15823208641150827 0.017137714327954506 0.031449855684274955
9 0.1765604680165085 0.15921489440164188 0.014926396350153937 0.02948423970400775
9 0.020454691294655377 0.11449713085056341 0.023218838766906103 0.026535815733606985
9 0.014926396350153925 0.41425356784130885 0.018796202811304945 0.028501431713874082
9 0.05168955773108859 0.41474497183637565 0.014926396350153928 0.023587391763206254
9 0.07629047023412006 0.4157277798265092 0.01547922584460407 0.025553007743473372
9 0.09729799102322557 0.4152363758314425 0.019901861800205225 0.02457019975333985
9 0.12328097726238241 0.4142535678413089 0.014373566855703767 0.02457019975333978
9 0.14207718007368733 0.41474497183637565 0.01547922584460407 0.023587391763206254
9 0.16032055339054213 0.4152363758314425 0.01547922584460407 0.02457019975333985
9 0.19874220325482725 0.4157277798265092 0.021560350283555643 0.025553007743473372
9 0.22831858120791004 0.4157277798265092 0.02100752078910549 0.025553007743473372
9 0.2786260652028732 0.4157277798265092 0.015479225844604087 0.025553007743473372
9 0.2993571712447537 0.4157277798265092 0.020454691294655377 0.025553007743473372
9 0.3225760100116598 0.4152363758314425 0.02045469129465541 0.026535815733606895
9 0.34607126352579093 0.4152363758314425 0.019901861800205298 0.02457019975333985
9 0.3726070792593979 0.4152363758314425 0.015479225844604087 0.028501431713874224
9 0.39610233277352913 0.41474497183637565 0.01603205533905424 0.025553007743473372
9 0.41462212083760897 0.41425356784130885 0.015479225844604087 0.026535815733607037
9 0.43203624991278855 0.41474497183637565 0.016032055339054024 0.025553007743473372
9 0.4873191993578031 0.4152363758314425 0.07463198175076961 0.026535815733606895
9 0.5354153653749658 0.41474497183637565 0.014926396350153937 0.025553007743473372
9 0.5531059091973705 0.41474497183637565 0.01603205533905424 0.025553007743473372
9 0.015202811097378997 0.6348939616263002 0.019349032305755087 0.02751862372374056
7 0.037315990875384814 0.6348939616263003 0.02266600927245597 0.021621775782938998
6 0.25900061814989306 0.6344025576312334 0.2747562587417222 0.028501431713874082
9 0.4278900287044125 0.6348939616263003 0.018796202811304924 0.02948423970400789
9 0.44834471999906783 0.6348939616263002 0.017690543822404693 0.02751862372374049
12 0.07103859003684368 0.669292241280976 0.07905461770637079 0.025553007743473303
12 0.15534508794049084 0.6697836452760427 0.08513574214532235 0.02457019975333992
12 0.22942424019681035 0.6678180292957756 0.05859992641171544 0.028501431713874155
12 0.3035033924531298 0.6692922412809759 0.08734706012312302 0.023587391763206254
12 0.3712250055232726 0.6692922412809759 0.04477918905046181 0.023587391763206112
12 0.43562964162671447 0.6697836452760427 0.08071310618972127 0.02457019975333978
12 0.4980993744995809 0.6692922412809759 0.04201504157821105 0.023587391763206112
12 0.5633332548446981 0.669292241280976 0.08624140113422271 0.025553007743473303
11 0.31953544779218396 0.7297349326741919 0.04754333652271253 0.026535815733606968
11 0.19155541982697535 0.7292435286791252 0.10006213849547628 0.02751862372374049
11 0.17773468246572172 0.7611847883584667 0.07352632276186931 0.026535815733606968
11 0.26287042461104415 0.7292435286791252 0.03925089410596033 0.02751862372374049
7 0.35436370594254313 0.7277693166939246 0.015479225844604087 0.020638967792805402
7 0.06412822135621685 0.7297349326741919 0.06191690337841626 0.02063896779280526
7 0.05417729045611423 0.7616761923535336 0.044226359556011625 0.01769054382240455
1 0.03786882036983496 0.7921432400476749 0.010503760394552763 0.019656159802671738
7 0.07463198175076961 0.7921432400476749 0.060811244389515975 0.019656159802671738
1 0.03786882036983496 0.8240844997270167 0.010503760394552763 0.016707735832271028
1 0.03814523511706003 0.8555343554112917 0.008845271911202318 0.016707735832271028
7 0.07048576054239357 0.8565171634014253 0.05251880197276386 0.020638967792805593
7 0.0696565163007183 0.8245759037220834 0.05086031348941336 0.01965615980267188
7 0.6327133563981913 0.7292435286791252 0.02487732725025644 0.01965615980267188
