1 0.07753433659663289 0.47345074604897674 0.010337911546217722 0.018378509415498172
1 0.0775343365966329 0.4983157881993568 0.01033791154621772 0.0205406869937922
9 0.018547429538802382 0.24858427790641094 0.018851485760749964 0.03567593004184946
9 0.01885148576074996 0.6200044205757764 0.02067582309243544 0.03567593004184943
9 0.06810859371625792 0.6956806358160631 0.019459598204645115 0.03567593004184928
9 0.10368317168412478 0.695680635816063 0.039527308853185394 0.03351375246355559
9 0.13895369343004405 0.6951400914214895 0.018851485760749968 0.03459484125270237
9 0.21405558025109628 0.6962211802106366 0.12162248877903192 0.0324326636744088
9 0.29006963573799127 0.6940590026323425 0.02067582309243548 0.034594841252702506
9 0.31591441460353564 0.6951400914214895 0.021283935536330637 0.03459484125270237
9 0.3402389123593418 0.6951400914214898 0.02006771064854028 0.03675701883099681
9 0.36517152255904356 0.6962211802106364 0.018851485760749968 0.03459484125270237
9 0.3901041327587451 0.6945995470269161 0.020067710648540283 0.03783810762014326
9 0.41473268673649927 0.6951400914214897 0.01824337331685478 0.03459484125270231
9 0.44027340938009585 0.6962211802106364 0.021892047980225725 0.03459484125270237
9 0.4649019633578498 0.6956806358160631 0.020067710648540356 0.03351375246355545
9 0.48983457355755133 0.6962211802106364 0.020067710648540356 0.03459484125270237
9 0.5679770225980794 0.6956806358160631 0.12527116344240297 0.03351375246355545
9 0.6594979454043012 0.6956806358160634 0.044392208404346836 0.031351574885261746
9 0.6968968607038534 0.6962211802106364 0.02067582309243562 0.03459484125270237
9 0.7212213584596597 0.6962211802106364 0.01945959820464509 0.03459484125270237
9 0.75128201044688 0.6951400914214897 0.029189397306968002 0.03459484125270252
9 0.7853363073050087 0.6945995470269161 0.031621847082548414 0.03567593004184943
9 0.8196946603850853 0.6951400914214895 0.03101373463865315 0.034594841252702506
9 0.8549651821310045 0.6956806358160628 0.029797509750862757 0.03567593004184928
9 0.8969249407597705 0.6951400914214895 0.045608433292136964 0.034594841252702506
9 0.024932610199701565 0.14162263137825062 0.02189204798022577 0.038919196409290244
9 0.18669052027581412 0.1416226313782506 0.023108272868016116 0.036757018830996344
9 0.26756947531387043 0.1410820869836771 0.12648738833019327 0.037838107620143314
9 0.34936059901776945 0.14108208698367705 0.02250016042412085 0.03567593004184936
9 0.3791581087686323 0.14054154258910365 0.024932610199701558 0.03891919640929025
9 0.41534079918039424 0.14216317577282406 0.03162184708254827 0.03567593004184941
9 0.4500032084824184 0.1410820869836771 0.023108272868016044 0.037838107620143314
9 0.48101694312107157 0.14162263137825057 0.024324497755806432 0.03891919640929023
9 0.5105103966499871 0.1416226313782506 0.023716385311911406 0.03891919640929021
9 0.5825717212515636 0.14162263137825062 0.10337911546217715 0.03459484125270244
9 0.4852737302283377 0.2118934026728024 0.023108272868016116 0.036757018830996344
9 0.8114851423925006 0.14162263137825057 0.023108272868016116 0.03891919640929023
9 0.8418907645872586 0.1410820869836771 0.021892047980225867 0.037838107620143314
9 0.8719923305600692 0.1405415425891037 0.020067710648540387 0.03891919640929026
9 0.9020938965328795 0.14216317577282406 0.02310827286801626 0.03783810762014326
9 0.9358441371690607 0.1394604537999567 0.03101373463865315 0.03459484125270244
9 0.8792896798868111 0.020000142599218593 0.022500160424121476 0.03783810762014328
9 0.9033101214206698 0.020000142599218593 0.02067582309243562 0.03783810762014329
2 0.983580964014831 0.018919053810071643 0.02067582309243548 0.03567593004184938
3 0.9358441371690609 0.01945959820464512 0.02250016042412085 0.03675701883099634
4 0.9601686349248673 0.01945959820464512 0.022500160424120993 0.03675701883099634
2 0.9331076311715324 0.3243266367440853 0.021892047980225725 0.03891919640929016
6 0.10546875 0.14027777777777778 0.12135416666666664 0.03333333333333334
1 0.29192708333333334 0.21203703703703702 0.010937499999999928 0.019444444444444466
7 0.35598958333333336 0.21296296296296297 0.10052083333333332 0.019444444444444466
