9 0.06458333333333333 0.019444444444444445 0.06874999999999998 0.025925925925925925
9 0.11666666666666668 0.01990740740740741 0.03333333333333334 0.025
9 0.15364583333333334 0.01990740740740741 0.038541666666666675 0.026851851851851852
9 0.1981770833333333 0.01898148148148148 0.0484375 0.025
9 0.24244791666666668 0.01898148148148148 0.036979166666666646 0.025
9 0.025 0.1416666666666667 0.02083333333333333 0.03518518518518521
9 0.20911458333333335 0.14120370370370364 0.06510416666666671 0.03425925925925924
9 0.28776041666666663 0.1416666666666667 0.07447916666666664 0.03518518518518523
9 0.365625 0.14027777777777778 0.060416666666666646 0.03425925925925925
9 0.4421875 0.14074074074074072 0.07395833333333336 0.035185185185185174
9 0.5320312500000003 0.1421296296296296 0.08385416666666691 0.034259259259259246
9 0.6049479166666667 0.1412037037037037 0.041145833333333284 0.03425925925925925
9 0.8802083333333335 0.018981481481481478 0.019791666666666714 0.03425925925925925
9 0.9031250000000002 0.018981481481481478 0.020833333333333145 0.032407407407407406
9 0.8783854166666668 0.14212962962962963 0.021354166666666716 0.034259259259259274
9 0.9093750000000002 0.14074074074074072 0.019791666666666857 0.03333333333333334
9 0.9395833333333335 0.14074074074074072 0.019791666666666572 0.03333333333333334
2 0.9838541666666668 0.018518518518518517 0.018749999999999857 0.03518518518518518
3 0.9364583333333334 0.019907407407407405 0.019791666666666714 0.03425925925925925
4 0.9593750000000001 0.01944444444444444 0.019791666666666572 0.03333333333333333
9 0.06197916666666666 0.39814814814814814 0.06666666666666667 0.03518518518518519
9 0.17760416666666665 0.3976851851851852 0.15 0.03425925925925924
9 0.30625 0.39814814814814814 0.09479166666666668 0.03518518518518519
11 0.178125 0.5078703703703704 0.08020833333333335 0.032407407407407475
9 0.27578125 0.5087962962962963 0.08697916666666668 0.032407407407407336
9 0.27552083333333327 0.5824074074074075 0.08541666666666661 0.033333333333333354
9 0.17421875 0.5819444444444445 0.08802083333333335 0.03425925925925924
9 0.07187500000000001 0.5824074074074075 0.08854166666666669 0.03518518518518519
9 0.09635416666666666 0.6949074074074075 0.13333333333333333 0.03611111111111114
9 0.21484375 0.6935185185185184 0.08697916666666661 0.033333333333333284
9 0.30937499999999996 0.6944444444444444 0.08645833333333336 0.03518518518518505
9 0.7825520833333335 0.018981481481481478 0.02031249999999986 0.03425925925925925
9 0.8307291666666667 0.018518518518518517 0.0625 0.03518518518518518
6 0.10572916666666664 0.14027777777777778 0.12187499999999997 0.032407407407407406
7 0.059375 0.25138888888888894 0.06041666666666668 0.0212962962962963
7 0.053125 0.28703703703703703 0.04583333333333334 0.02407407407407401
7 0.04765625 0.3254629629629629 0.03697916666666667 0.02129629629629626
11 0.1703125 0.25 0.06562500000000002 0.03148148148148145
11 0.1703125 0.28703703703703703 0.06562500000000002 0.03333333333333332
11 0.16979166666666667 0.3231481481481481 0.06666666666666664 0.033333333333333354
11 0.2591145833333333 0.250462962962963 0.10677083333333336 0.032407407407407406
11 0.25833333333333336 0.2875 0.10729166666666672 0.032407407407407406
11 0.25885416666666666 0.32407407407407407 0.10729166666666667 0.03148148148148153
7 0.04505208333333334 0.5097222222222223 0.03072916666666667 0.023148148148148168
